150.59
152.87
151.60
153.83
151.03
145.91
145.31
147.41
147.92
146.71
149.40
148.91
148.48
152.55
153.71
155.33
153.20
153.85
151.01
150.87
151.92
154.65
151.73
154.50
150.82
145.43
144.29
143.00
145.93
143.96
141.86
142.53
141.11
137.87
135.27
135.21
135.94
134.76
133.41
133.49
130.73
130.15
129.62
125.02
126.36
125.07
129.93
129.61
126.04
130.03
131.86
132.23
135.45
132.30
132.37
134.51
136.50
143.21
145.47
144.49
142.16
142.65
140.94
142.91
146.63
147.81
148.31
148.03
141.17
144.22
148.11
151.07
150.18
148.01
151.29
150.72
148.79
150.04
148.28
149.70
146.87
134.87
139.50
138.92
138.38
138.88
145.03
150.65
153.34
155.74
144.80
149.35
152.34
149.45
147.27
143.39
143.86
143.75
142.41
138.38
142.99
138.34
138.98
140.42
140.09
145.43
146.40
146.10
142.45
138.20
142.48
149.84
151.76
150.77
150.43
152.74
153.72
156.90
154.48
150.70
152.37
155.31
153.84
163.43
157.37
154.46
155.96
154.53
155.81
157.96
157.22
158.91
161.38
163.62
170.03
167.53
167.23
167.57
171.52
174.15
174.55
173.03
173.19
172.10
168.49
169.24
164.92
164.87
165.35
165.81
166.13
160.01
161.51
162.51
157.35
156.79
151.60
152.95
154.09
155.35
153.04
151.00
147.07
150.17
148.47
145.49
145.86
144.87
147.04
146.35
142.92
141.56
138.93
136.72
139.23
137.44
141.66
141.66
138.27
135.35
135.87
131.56
130.06
135.43
132.76
131.88
137.13
142.64
147.96
148.71
146.14
145.38
151.21
148.71
148.84
149.64
143.78
140.52
140.36
143.11
137.59
137.35
140.82
149.24
145.54
147.11
142.56
146.50
154.51
152.06
157.28
156.77
166.02
159.48
157.96
157.65
163.64
156.57
156.80
162.88
161.79
166.42
167.23
167.40
165.07
165.29
170.40
167.66
165.75
170.09
172.14
171.83
175.06
178.44
174.31
174.61
177.77
178.96
175.60
174.72
174.07
170.21
168.82
165.38
163.98
160.62
159.59
155.09
150.62
154.73
158.52
162.95
157.44
159.30
163.17
166.23
166.56
163.20
165.12
164.85
162.74
160.07
164.32
167.30
168.88
172.55
172.79
168.88
168.64
172.12
176.28
174.83
171.66
172.39
172.90
175.84
174.61
174.78
170.33
159.22
159.69
159.78
161.62
162.41
164.51
166.23
169.80
173.07
172.19
175.53
175.08
172.19
172.17
172.00
174.92
179.70
182.01
177.57
178.20
179.38
179.29
180.33
176.28
175.64
172.99
169.75
171.14
172.26
179.30
174.33
175.74
179.45
174.56
175.08
171.18
165.32
161.84
163.76
164.77
165.30
160.24
156.81
161.94
161.41
161.02
160.55
157.87
153.49
151.00
150.00
149.99
147.87
147.92
150.81
150.44
151.28
150.96
151.49
150.02
148.96
149.80
152.57
148.85
149.32
148.64
148.69
149.48
149.26
148.76
146.55
144.84
143.76
140.91
141.51
142.81
142.90
143.29
142.00
141.11
139.14
142.65
141.50
142.83
141.91
145.37
146.92
146.83
145.85
143.43
142.94
146.06
148.79
149.03
148.12
149.55
148.97
154.07
155.11
156.69
154.30
153.65
152.51
151.83
153.12
148.60
147.54
148.36
149.62
149.71
148.19
146.70
146.36
150.19
151.12
149.10
148.89
145.86
145.60
146.09
146.14
147.06
146.95
147.36
145.52
145.86
145.64
144.98
146.77
148.99
148.56
146.80
145.40
146.15
142.45
146.39
148.48
149.15
145.64
144.50
145.11
143.24
144.57
142.02
139.96
137.27
136.96
136.33
134.78
133.11
133.41
133.70
133.98
132.30
130.46
131.79
130.15
129.64
130.48
127.35
126.11
127.13
126.74
125.90
125.89
123.54
125.06
124.28
124.61
125.28
126.85
126.90
127.10
125.43
127.31
124.69
124.85
126.27
127.45
124.97
122.77
125.91
126.85
130.21
129.74
128.10
127.85
132.54
131.46
133.48
133.58
134.39
134.72
134.32
131.94
133.50
133.11
134.84
134.16
134.50
132.03
134.43
131.24
132.995
130.36
127.90
126.21
125.90
123.00
122.15
119.90
121.39
121.21
120.59
120.09
122.54
123.39
119.99
120.53
124.76
125.57
123.99
121.03
121.96
119.98
121.085
116.36
121.42
120.13
122.06
125.12
127.79
121.26
120.99
125.35
125.86
126.00
129.87
129.71
130.84
133.19
135.37
135.13
135.39
136.01
136.91
136.76
137.39
133.94
134.99
134.14
131.96
137.09
142.06
143.16
142.92
139.07
136.87
132.03
127.83
127.14
128.91
130.89
128.80
128.98
132.05
130.92
126.60
131.01
129.41
132.69
133.72
134.87
136.69
131.97
130.96
131.88
128.23
126.655
128.70
127.81
127.88
121.78
122.41
123.24
121.78
124.38
123.75
122.25
122.94
123.08
122.72
119.05
116.59
116.03
115.17
113.85
117.34
118.64
118.03
119.39
120.30
119.26
119.21
119.49
115.97
116.32
118.69
119.03
114.95
110.44
108.77
108.86
115.32
111.20
116.60
115.05
115.04
115.75
116.87
117.51
115.98
119.02
120.71
121.19
121.10
124.40
116.97
114.97
115.08
113.16
116.50
113.02
116.79
115.81
114.09
114.96
112.28
108.22
107.12
111.81
110.08
106.84
110.34
112.13
115.54
115.355
112.00
113.49
117.32
112.82
120.96
120.88
131.40
134.18
129.04
124.8075
125.01
126.5225
124.825
125.8575
124.37
118.275
115.7075
115.5625
114.6075
114.9075
115.01
113.01
109.375
112.7275
111.1125
113.9025
110.0625
109.665
108.9375
106.26
96.19
95.04
93.2525
94.81
92.615
92.845
97.2725
97.00
98.3575
96.3275
96.5225
97.725
97.0575
95.4775
95.92
95.6825
95.3425
93.1725
93.4625
91.0275
91.0275
91.20
90.445
88.4075
91.21
90.015
91.6325
89.7175
87.43
87.9325
87.8975
88.02
85.7475
84.70
83.975
88.21
85.9975
83.365
82.875
80.58
81.28
80.835
80.4625
79.485
79.5625
79.5275
79.1825
79.7225
79.2125
79.8075
78.285
78.74
76.9275
77.385
76.9125
77.8525
78.7525
77.5325
75.935
75.1575
74.39
73.29
72.2675
73.45
71.9325
69.645
70.7925
70.7425
68.7575
69.025
67.0925
69.2325
70.70
71.6725
71.1075
71.7625
68.3125
66.9975
66.5175
64.8575
65.6175
60.3525
61.2325
60.2275
63.5725
63.7025
61.935
64.61
61.38
61.72
56.0925
57.31
61.195
61.6675
63.215
60.5525
69.4925
62.0575
68.8575
71.335
66.5425
72.2575
73.23
75.685
72.33
74.7025
68.34
68.38
73.1625
72.02
74.545
78.2625
80.075
80.905
79.75
81.2375
81.2175
81.80
79.9025
80.3875
80.0075
81.3025
80.3625
79.7125
77.165
77.3775
80.9675
81.085
79.4225
77.2375
79.5775
79.8075
79.425
79.1425
79.6825
78.81
77.835
78.17
79.24
77.5825
77.4075
75.7975
74.5975
74.95
74.3575
75.0875
73.4125
72.88
72.45
72.4775
71.0675
71.00
69.86
70.005
69.935
70.1025
69.965
68.7875
67.865
67.6925
67.12
66.73
67.6775
66.395
65.435
64.8625
66.04
66.8125
66.96
66.0725
66.5925
65.445
65.5025
65.7975
66.5725
66.775
66.44
65.66
66.1175
65.49
65.55
65.035
64.8575
64.31
64.2825
64.375
63.955
62.19
60.815
60.8225
62.2625
61.645
60.895
60.795
59.99
60.1275
59.1025
58.82
58.5925
58.83
58.9675
59.0525
57.5225
56.7575
56.10
56.765
56.7525
55.205
54.74
56.1475
55.9925
54.705
54.9725
55.2575
54.42
54.68
54.4325
55.24
55.6925
55.175
54.975
54.6875
55.7713
55.8975
54.175
53.5425
53.315
53.32
52.2975
51.425
52.185
52.2525
51.3825
51.04
51.6225
50.66
53.115
53.16
52.59
52.5875
51.625
50.435
50.6875
52.2425
50.12
50.2475
50.8575
49.76
49.25
48.335
51.005
52.1075
53.26
52.195
52.42
51.935
51.755
52.1675
52.21
51.805
50.6475
51.415
50.8375
51.125
51.3025
50.825
50.4375
50.8075
50.31
50.005
51.0575
51.1025
50.6825
50.3875
49.48
49.935
49.95
48.8925
49.645
49.695
49.865
49.4675
49.6125
48.4725
48.185
48.5375
48.5475
48.7025
48.145
47.5375
46.305
45.635
44.91
43.325
43.7675
44.575
44.345
44.5575
44.7425
44.915
45.695
46.65
45.7725
47.25
47.52
47.73
47.165
46.43
49.295
50.18
50.725
50.715
52.12
52.9375
52.2875
52.63
50.1675
51.1525
51.075
51.32
51.79
51.87
51.1325
50.965
50.7825
49.8125
49.8075
49.7175
49.7375
50.155
49.875
50.025
49.25
48.9225
48.8375
48.505
47.81
47.4875
47.18
47.1175
46.6975
47.185
47.7625
48.7725
47.04
46.6325
47.005
46.53
45.9325
45.4275
45.2275
44.725
43.2275
43.125
43.63
43.8825
43.9625
43.7425
43.2875
43.7175
43.5825
43.5575
43.2425
42.765
43.0075
42.7325
42.605
42.70
42.545
42.7225
42.3575
42.6025
42.735
43.56
43.545
42.8125
41.63
41.61
41.3125
38.67
39.075
39.44
38.175
38.48
38.325
39.205
38.965
38.735
38.2675
37.50
38.0725
38.45
38.3275
37.6875
36.9825
37.065
35.5475
39.48
39.435
39.0575
39.0375
39.2925
36.7075
37.6825
39.2075
40.2225
41.5175
40.985
41.37
42.7375
42.275
42.1575
42.40
42.1225
43.68
44.1725
46.205
44.645
44.8875
45.235
43.56
43.655
43.0725
44.195
44.245
46.465
48.3825
47.8525
46.70
48.0575
48.5425
51.1175
52.1225
52.4875
50.9425
50.3975
51.87
55.555
54.715
53.325
53.06
54.075
54.95
53.7725
55.6825
55.1625
54.8275
54.005
55.2975
55.5375
54.34
55.5275
53.6125
54.09
56.7175
55.9425
56.0725
56.9975
58.0175
57.32
56.815
56.435
56.2375
55.105
55.5475
55.1975
54.415
55.0075
54.5925
54.56
54.47
55.96
56.6025
55.2675
55.9625
54.5825
55.325
55.775
56.7175
57.09
56.9075
56.2575
55.745
54.925
54.485
54.04
53.8725
53.7625
53.76
53.865
54.395
53.33
52.56
52.4375
52.2175
51.8825
52.22
51.8125
51.7775
52.2675
51.9975
51.8475
50.375
47.5725
47.4775
47.745
48.5525
48.705
48.25
47.9025
47.86
47.97
47.60
47.8625
47.7275
47.8325
47.7575
46.97
47.5875
47.645
46.9925
46.35
45.98
46.795
46.2775
46.375
46.04
46.1075
45.5425
46.23
46.365
46.625
46.4225
47.185
47.21
47.70
47.675
48.07
47.8075
47.925
48.365
48.495
48.3275
47.9575
47.56
46.7175
46.875
46.975
47.145
47.0375
47.09
46.79
46.9075
46.5775
46.7475
47.045
46.61
47.0375
47.1475
47.51
46.84
46.5125
46.29
45.9575
44.2225
44.1425
42.275
41.315
40.58
41.055
40.9125
40.735
41.31
41.43
43.20
44.46
44.56
43.955
43.6825
43.535
43.11
43.3125
42.5125
42.095
43.20
42.9025
42.0975
41.67
41.945
41.62
42.085
43.1925
41.235
42.2125
42.8175
43.81
43.825
44.505
44.6625
44.61
44.9925
45.43
