63.400002
62.860001
62.959999
62.790001
62.480000
62.189999
62.299999
62.759998
62.730000
62.610001
63.060001
62.619999
62.680000
62.669998
62.240002
62.669998
62.700001
63.200001
63.950001
64.120003
65.389999
65.690002
64.860001
64.360001
63.250000
63.500000
63.500000
63.740002
63.570000
63.520000
64.250000
64.239998
64.410004
64.500000
64.739998
64.470001
64.610001
64.330002
64.419998
64.529999
64.540001
64.080002
64.129997
64.690002
63.990002
63.970001
64.190002
64.260002
65.190002
65.110001
65.010002
64.529999
64.550003
64.750000
64.910004
64.910004
65.190002
64.120003
64.940002
65.360001
64.629997
64.959999
65.120003
65.419998
65.650002
65.809998
65.389999
66.300003
65.599998
65.849998
65.610001
65.599998
65.419998
65.290001
65.040001
65.330002
65.650002
65.459999
65.669998
67.480003
67.900002
68.080002
68.150002
68.910004
68.680000
69.709999
69.379997
69.029999
68.900002
68.970001
68.860001
68.989998
68.360001
68.610001
68.139999
68.230003
68.889999
67.400002
67.500000
67.889999
68.720001
68.870003
68.970001
69.800003
69.790001
70.529999
70.239998
70.440002
71.970001
72.300003
72.639999
72.510002
72.040001
69.250000
70.019997
70.910004
69.269997
69.730003
70.500000
70.820000
70.209999
70.540001
70.089996
71.400002
70.110001
69.209999
69.379997
68.779999
69.330002
68.260002
68.269997
68.699997
69.459999
70.000000
70.690002
71.500000
72.239998
72.800003
73.089996
73.500000
74.180000
73.449997
73.529999
73.800003
74.339996
73.760002
72.669998
73.300003
73.099998
72.550003
72.190002
72.400002
72.800003
72.089996
72.250000
71.900002
71.610001
73.059998
73.589996
73.339996
73.580002
72.269997
72.470001
72.349998
72.959999
72.739998
72.860001
73.059998
72.250000
73.010002
74.029999
74.709999
73.339996
73.739998
73.680000
74.330002
74.309998
74.760002
74.930000
75.000000
74.830002
75.230003
75.209999
75.349998
75.110001
73.989998
74.089996
73.669998
73.550003
73.540001
73.940002
74.709999
74.669998
74.089996
75.220001
75.669998
75.970001
76.330002
76.360001
76.489998
77.589996
77.419998
77.470001
77.669998
77.570000
78.320000
78.989998
78.900002
78.580002
79.199997
84.370003
83.699997
84.360001
83.680000
83.349998
84.080002
84.199997
84.769997
84.139999
84.110001
83.790001
83.660004
83.500000
83.470001
83.099998
83.120003
82.400002
82.739998
83.830002
83.010002
83.309998
84.070000
84.709999
83.510002
83.599998
84.419998
81.339996
81.550003
82.540001
83.629997
84.290001
85.309998
85.739998
85.430000
85.260002
87.120003
86.349998
86.199997
86.050003
85.400002
85.309998
85.650002
85.900002
85.629997
86.129997
86.059998
86.589996
87.660004
88.199997
88.650002
87.860001
88.129997
88.669998
90.099998
89.080002
89.800003
90.139999
90.000000
91.900002
92.550003
92.470001
93.120003
95.139999
93.300003
93.750000
94.790001
93.639999
90.559998
86.889999
90.489998
89.709999
86.300003
88.739998
88.930000
88.510002
91.209999
92.449997
91.480003
92.980003
92.050003
93.599998
94.400002
95.739998
94.839996
93.989998
91.580002
92.339996
94.339996
93.160004
94.269997
95.290001
96.500000
97.000000
95.120003
93.529999
94.680000
93.739998
93.050003
92.930000
91.269997
89.500000
90.610001
94.940002
89.820000
90.180000
90.470001
89.580002
87.849998
92.440002
91.489998
91.040001
92.389999
92.010002
92.430000
94.050003
94.070000
95.000000
96.220001
96.440002
95.910004
95.739998
96.239998
93.300003
93.550003
97.599998
96.330002
93.209999
94.989998
92.959999
93.320000
95.169998
95.849998
96.010002
97.459999
97.800003
97.919998
97.239998
97.360001
96.760002
96.010002
97.000000
97.680000
96.709999
98.730003
98.300003
97.839996
98.309998
99.290001
99.279999
101.260002
102.000000
102.480003
102.650002
101.089996
101.010002
101.099998
101.720001
101.650002
101.510002
100.010002
99.650002
101.370003
102.080002
100.410004
100.000000
98.820000
99.580002
97.379997
98.930000
98.099998
100.480003
99.500000
99.889999
101.650002
102.000000
101.150002
102.769997
104.370003
105.400002
104.610001
105.940002
104.930000
108.080002
106.300003
108.570000
107.959999
110.739998
110.180000
107.190002
106.489998
106.029999
105.400002
107.800003
108.120003
108.559998
109.330002
109.709999
109.419998
109.239998
108.559998
108.489998
108.300003
107.360001
107.510002
106.919998
105.849998
107.150002
107.669998
109.269997
109.940002
110.449997
111.669998
111.690002
110.849998
111.010002
108.250000
108.230003
108.839996
108.900002
111.430000
112.120003
113.360001
113.690002
112.190002
113.050003
112.279999
114.000000
113.029999
114.800003
114.470001
114.779999
114.190002
114.750000
115.300003
115.419998
114.610001
112.629997
111.660004
111.139999
111.239998
105.349998
109.010002
108.910004
109.540001
111.680000
110.099998
108.930000
109.320000
107.769997
108.410004
106.550003
105.690002
108.110001
103.660004
105.440002
107.050003
106.480003
106.370003
107.379997
109.440002
111.800003
110.849998
109.419998
107.550003
108.099998
104.989998
107.080002
108.269997
101.800003
103.599998
102.169998
104.790001
106.269997
107.889999
110.330002
110.699997
113.000000
111.940002
105.820000
108.379997
104.800003
109.800003
110.889999
109.580002
108.250000
105.410004
103.750000
103.650002
103.050003
101.629997
97.680000
95.139999
99.300003
102.089996
101.290001
99.550003
100.099998
99.720001
101.639999
103.040001
103.860001
103.220001
103.190002
101.900002
102.510002
105.260002
105.000000
107.459999
106.750000
106.120003
106.860001
107.239998
106.260002
104.879997
104.620003
103.800003
103.779999
102.870003
106.059998
107.000000
105.190002
104.389999
106.199997
106.139999
107.500000
106.309998
107.910004
107.790001
107.860001
106.900002
110.050003
111.760002
111.260002
111.690002
112.040001
112.889999
113.019997
112.250000
111.870003
111.400002
109.160004
110.989998
112.820000
114.129997
114.540001
115.339996
116.169998
118.089996
117.389999
117.139999
119.500000
116.559998
118.620003
117.879997
117.440002
118.070000
118.949997
119.059998
119.860001
120.099998
119.389999
119.809998
118.629997
119.760002
120.540001
120.639999
120.940002
121.639999
121.239998
122.190002
122.620003
124.099998
125.790001
130.059998
129.699997
129.899994
129.809998
130.529999
127.980003
127.360001
126.389999
126.459999
125.440002
124.290001
124.910004
124.110001
123.870003
124.260002
126.750000
128.309998
126.519997
127.430000
126.620003
126.199997
126.910004
126.980003
125.379997
125.260002
124.230003
123.849998
121.279999
124.949997
126.440002
129.190002
132.399994
133.880005
131.399994
131.979996
132.259995
132.630005
134.190002
135.000000
137.449997
136.580002
137.000000
137.250000
134.350006
134.139999
134.570007
136.630005
136.119995
136.800003
135.940002
136.399994
136.000000
137.130005
138.199997
138.850006
139.440002
138.960007
137.699997
135.550003
140.220001
137.410004
139.759995
138.899994
140.429993
140.369995
141.500000
140.139999
140.330002
137.000000
138.089996
133.300003
133.800003
133.789993
136.600006
138.610001
137.070007
136.050003
136.360001
134.389999
134.880005
137.850006
138.210007
138.550003
138.660004
137.190002
134.990005
136.389999
134.880005
137.250000
139.149994
136.610001
137.300003
139.110001
140.029999
139.589996
136.800003
135.910004
137.850006
137.779999
135.830002
136.960007
137.360001
140.300003
141.009995
139.229996
140.360001
137.500000
139.440002
140.149994
138.050003
139.660004
136.250000
134.949997
136.750000
137.139999
137.080002
137.460007
138.490005
140.119995
139.690002
140.059998
140.789993
140.949997
139.759995
138.449997
138.970001
136.880005
139.389999
139.339996
144.399994
144.080002
143.520004
144.899994
144.259995
144.830002
144.970001
144.369995
143.839996
143.979996
145.339996
146.279999
146.740005
147.020004
148.929993
150.070007
150.880005
150.309998
149.399994
150.070007
150.000000
151.360001
152.330002
152.100006
151.809998
147.490005
150.139999
150.050003
150.990005
151.070007
151.289993
151.539993
151.649994
153.000000
155.110001
155.449997
154.300003
154.000000
157.350006
158.119995
157.479996
157.559998
159.449997
158.990005
156.770004
158.779999
158.320007
157.080002
159.320007
158.929993
161.839996
162.820007
161.759995
163.389999
162.619995
164.350006
167.419998
166.679993
167.399994
166.190002
167.509995
161.149994
163.779999
167.839996
174.050003
172.210007
170.429993
177.139999
184.029999
180.970001
182.850006
183.580002
190.649994
185.580002
183.080002
183.250000
185.610001
188.059998
186.949997
183.169998
167.770004
174.199997
169.710007
163.320007
152.410004
165.309998
173.800003
168.490005
166.050003
162.610001
151.000000
158.160004
157.130005
145.300003
147.500000
140.000000
140.000000
138.000000
142.770004
146.000000
137.009995
143.750000
148.910004
148.399994
151.750000
152.440002
159.399994
153.000000
151.860001
155.100006
160.320007
169.589996
165.669998
166.360001
164.350006
169.000000
171.199997
174.300003
179.500000
176.630005
173.500000
171.389999
174.110001
172.059998
176.589996
175.589996
173.220001
180.000000
175.800003
174.490005
180.619995
182.080002
184.169998
184.979996
183.149994
186.800003
182.550003
177.539993
179.059998
185.750000
185.029999
184.809998
185.399994
183.190002
186.339996
180.199997
180.740005
182.729996
182.539993
184.250000
184.820007
184.300003
182.619995
185.940002
188.000000
191.130005
193.130005
190.539993
184.580002
192.889999
195.029999
194.000000
198.589996
195.789993
202.089996
201.600006
197.800003
199.729996
195.779999
197.880005
203.139999
205.679993
208.830002
210.449997
210.070007
216.330002
213.619995
214.479996
206.130005
209.559998
205.399994
204.470001
205.000000
213.660004
209.199997
207.190002
200.419998
201.470001
203.610001
202.500000
201.000000
204.399994
211.520004
214.169998
214.899994
212.339996
214.850006
211.669998
207.160004
205.289993
209.440002
208.759995
209.600006
210.529999
211.490005
209.539993
213.860001
214.789993
213.100006
217.880005
222.889999
228.179993
227.000000
225.509995
227.970001
229.270004
215.100006
206.500000
207.600006
213.399994
207.199997
204.240005
208.419998
210.619995
200.050003
202.800003
197.190002
205.059998
207.899994
199.850006
203.550003
210.880005
209.350006
207.729996
213.490005
208.000000
207.220001
208.820007
207.059998
210.509995
211.229996
218.789993
222.720001
223.000000
217.100006
220.149994
220.419998
215.800003
213.119995
213.929993
215.029999
213.850006
211.589996
207.669998
204.070007
203.500000
204.289993
203.889999
214.020004
222.039993
222.259995
224.440002
214.500000
212.389999
217.210007
216.360001
214.869995
216.100006
213.649994
211.380005
212.199997
210.949997
209.589996
215.110001
214.850006
214.100006
214.509995
214.880005
214.610001
214.220001
214.369995
213.970001
215.160004
211.770004
210.050003
213.100006
215.169998
214.750000