1799.58
1835.94
1860.83
1853.40
1873.63
1841.85
1817.77
1856.22
1847.94
1820.79
1807.31
1824.76
1791.72
1825.89
1849.48
1859.26
1865.51
1870.03
1852.67
1853.29
1848.04
1896.24
1886.68
1870.87
1864.76
1906.13
1903.79
1871.93
1902.25
1889.82
1911.50
1911.61
1886.24
1918.60
1923.15
1892.32
1889.84
1913.25
1904.51
1933.08
1923.44
1930.79
1914.74
1937.98
1912.47
1856.05
1855.05
1824.82
1791.47
1792.01
1802.20
1767.88
1765.87
1780.27
1780.07
1786.10
1763.20
1743.24
1741.30
1756.52
1787.37
1784.67
1755.34
1730.16
1725.66
1735.66
1733.59
1746.54
1733.46
1766.38
1736.26
1736.19
1728.74
1755.69
1753.95
1713.61
1717.75
1685.50
1707.23
1708.23
1741.17
1769.55
1743.89
1690.38
1644.12
1644.75
1618.14
1601.27
1559.55
1573.97
1536.28
1508.70
1506.74
1487.60
1444.02
1433.21
1411.62
1426.52
1397.66
1427.68
1414.06
1397.23
1358.50
1377.19
1381.84
1379.49
1405.21
1417.82
1419.12
1449.81
1386.96
1377.91
1380.10
1435.37
1458.81
1433.08
1457.78
1518.19
1509.32
1497.41
1527.25
1501.91
1539.75
1528.29
1519.35
1561.97
1534.68
1473.18
1469.42
1452.86
1492.06
1505.75
1462.59
1528.22
1535.11
1573.35
1602.81
1632.00
1620.63
1656.77
1640.02
1673.40
1699.68
1682.93
1735.00
1735.07
1724.98
1694.11
1684.14
1695.78
1652.14
1674.37
1688.03
1713.61
1736.47
1721.11
1667.17
1651.89
1654.70
1685.62
1701.73
1683.09
1694.58
1679.27
1669.48
1620.13
1613.98
1655.65
1663.46
1714.56
1740.46
1708.80
1654.84
1644.46
1693.10
1688.85
1695.97
1733.19
1739.08
1713.18
1682.33
1654.32
1680.61
1719.05
1679.89
1676.67
1707.11
1704.07
1681.75
1725.18
1767.50
1792.80
1828.57
1849.55
1819.99
1833.76
1822.57
1842.93
1858.60
1810.68
1827.01
1796.58
1810.98
1836.87
1782.66
1776.40
1801.68
1800.55
1762.22
1765.63
1691.62
1718.07
1719.24
1727.34
1765.14
1765.85
1812.56
1824.05
1858.12
1884.42
1883.09
1896.46
1919.55
1973.31
2028.76
2047.81
2068.52
2093.17
2104.32
2094.01
2121.65
2085.07
2076.63
2107.82
2123.49
2157.79
2164.81
2133.05
2179.56
2171.56
2123.12
2115.58
2138.80
2120.86
2121.52
2093.04
2099.26
2125.29
2060.07
1999.93
1972.14
2033.49
1970.27
1973.25
1908.10
1934.94
1918.75
2009.56
2043.96
1967.01
1999.88
1970.78
1817.45
2038.99
2101.31
2069.53
2143.28
2175.61
2212.73
2209.70
2161.79
2203.13
2213.21
2235.93
2215.12
2171.62
2174.57
2235.15
2252.92
2224.28
2209.62
2183.70
2234.33
2233.18
2199.60
2170.36
2273.81
2308.94
2316.94
2317.36
2365.29
2383.16
2407.62
2411.11
2344.45
2291.23
2311.93
2310.97
2300.68
2286.50
2266.92
2260.70
2252.43
2226.24
2225.80
2212.32
2185.47
2189.91
2194.56
2213.89
2161.04
2211.81
2214.38
2213.78
2212.81
2219.62
2231.12
2190.67
2179.71
2201.86
2217.18
2194.37
2148.62
2143.13
2229.44
2239.75
2261.15
2247.82
2248.18
2271.31
2317.49
2340.03
2335.04
2358.23
2366.59
2395.05
2423.92
2439.16
2438.80
2380.11
2407.53
2405.05
2392.67
2404.82
2425.29
2427.19
2417.09
2427.35
2443.11
2447.54
2459.81
2453.98
2459.50
2451.89
2472.33
2457.36
2411.12
2359.54
2349.46
2364.72
2338.09
2327.88
2310.29
2290.97
2275.68
2292.47
2299.18
2320.51
2334.10
2278.11
2272.52
2333.01
2357.28
2355.23
2376.01
2387.74
2360.70
2356.39
2364.63
2394.79
2416.38
2380.82
2391.94
2371.16
2368.03
2350.23
2323.77
2309.44
2325.19
2300.90
2287.52
2255.56
2260.02
2284.97
2300.04
2282.10
2302.03
2297.72
2283.69
2277.23
2274.48
2273.89
2270.67
2272.09
2257.73
2253.28
2253.45
2265.69
2245.76
2224.59
2240.65
2242.41
2229.86
2241.97
2221.28
2205.86
2258.10
2260.49
2268.57
2264.26
2255.48
2251.78
2234.60
2285.79
2228.46
2258.82
2252.18
2250.58
2218.41
2258.24
2285.81
2282.46
2273.11
2233.70
2220.53
2219.45
2220.68
2211.58
2225.27
2230.37
2253.20
2224.67
2236.89
2218.45
2237.61
2246.63
2254.59
2252.26
2233.37
2233.36
2236.31
2207.47
2164.89
2153.78
2134.18
2139.06
2131.18
2115.15
2136.54
2128.49
2092.80
2089.32
2091.39
2110.48
2115.70
2097.31
2046.67
2047.36
2004.04
2037.59
2050.69
2029.64
1998.92
2005.10
1986.63
1989.73
1982.40
1987.76
1998.99
2012.27
2019.29
2011.96
1974.73
1982.58
1975.11
1980.32
1998.73
2012.87
1954.38
1938.84
1942.32
1953.02
1918.71
1876.85
1899.95
1923.55
1929.12
1927.56
1960.75
1939.01
1981.41
2001.24
2006.11
1994.38
2003.55
1994.18
1965.25
1939.59
1944.86
1943.24
1959.52
1949.57
1907.28
1936.47
1937.90
1922.59
1961.62
1985.31
1980.77
1986.80
2004.54
1974.82
1937.07
1954.92
1917.54
1941.60
1952.10
1957.73
1927.02
1940.69
1954.02
1967.72
1948.01
1987.83
1929.21
1981.98
1945.78
1952.67
1953.49
1986.09
1980.12
2023.74
1985.68
2031.71
2023.36
2043.73
2066.97
2072.74
2074.11
2009.12
2008.75
1983.98
2016.01
2004.41
1955.84
1928.40
1888.80
1952.54
1975.76
1985.26
1955.69
1939.07
1950.85
1984.00
1994.12
1970.27
1958.53
1947.68
1890.11
1897.97
1853.38
1830.04
1852.69
1849.57
1860.15
1859.42
1832.04
1820.85
1789.79
1810.43
1793.56
1799.02
1749.41
1771.49
1779.34
1765.71
1697.49
1670.43
1640.94
1636.28
1556.14
1515.97
1542.76
1549.74
1625.54
1631.66
1645.32
1642.70
1641.42
1656.34
1648.11
1655.36
1627.59
1670.26
1660.12
1683.21
1698.91
1719.91
1736.61
1735.45
1731.85
1697.39
1694.18
1712.73
1718.21
1738.44
1674.14
1665.96
1685.40
1693.09
1682.26
1731.76
1745.73
1738.10
1743.93
1758.65
1772.89
1764.86
1773.37
1733.88
1772.85
1758.11
1769.19
1785.44
1772.61
1800.21
1829.79
1846.50
1848.35
1821.29
1841.46
1820.60
1815.03
1833.22
1840.33
1862.12
1856.56
1858.35
1855.86
1847.73
1823.15
1817.23
1818.64
1833.20
1811.46
1804.38
1767.54
1763.22
1824.53
1823.52
1830.87
1810.33
1820.25
1830.61
1845.34
1840.60
1796.04
1799.08
1794.78
1771.70
1801.64
1797.27
1791.68
1788.22
1800.93
1818.55
1800.96
1804.01
1772.38
1758.82
1769.47
1759.43
1793.36
1784.23
1825.99
1797.05
1807.85
1795.86
1787.81
1798.00
1741.47
1788.83
1841.18
1835.59
1841.25
1842.47
1786.58
1766.85
1736.36
1733.52
1722.65
1718.45
1707.59
1709.71
1644.74
1630.44
1637.84
1652.64
1640.18
1639.08
1572.55
1579.16
1614.32
1622.51
1587.31
1606.50
1587.35
1567.98
1598.84
1600.65
1648.68
1651.33
1594.25
1591.97
1601.91
1626.10
1605.12
1573.44
1640.06
1625.59
1597.90
1606.21
1662.40
1615.72
1579.18
1603.50
1581.05
1506.48
1491.55
1482.42
1512.84
1477.65
1475.90
1492.01
1441.83
1451.02
1405.45
1488.42
1469.43
1401.29
1429.28
1341.54
1365.97
1305.73
1505.64
1599.48
1625.99
1764.81
1822.85
1860.95
1889.67
1807.70
1768.91
1850.61
1933.51
1945.71
2000.90
2088.53
2099.88
2115.18
2113.49
2121.14
2115.29
2120.07
2126.31
2107.40
2092.89
2110.20
2111.76
2122.91
2106.63
2072.88
2065.90
2079.98
2098.18
2098.04
2083.79
2154.28
2148.41
2146.56
2158.04
2178.06
2175.95
2173.74
2165.08
2182.96
2194.42
2167.91
2157.61
2115.99
2145.01
2173.97
2200.10
2150.09
2151.74
2142.54
2128.04
2133.72
2131.85
2132.25
2112.93
2106.51
2102.19
2047.34
2054.11
2066.55
2073.11
2092.12
2081.89
2089.92
2122.30
2158.94
2169.09
2181.33
2190.58
2197.54
2188.24
2179.53
2194.58
2207.25
2229.92
2233.87
2226.15
2235.52
2248.81
2255.46
2272.17
2255.34
2272.45
2264.06
2194.10
2227.38
2227.93
2211.80
2175.27
2208.36
2208.54
2212.15
2183.25
2164.75
2173.75
2156.06
2154.80
2148.53
2159.91
2122.99
2134.37
2131.83
2121.87
2121.16
2099.30
2098.28
2152.50
2173.29
2186.31
2172.47
2159.68
2175.24
2147.32
2171.75
2191.61
2205.02
2192.71
2217.84
2200.95
2189.07
2189.21
2187.80
2174.41
2122.60
2106.89
2102.73
2107.16
2144.48
2135.25
2069.33
2051.44
2095.45
2098.41
2103.68
2108.05
2105.88
2110.11
2102.23
2064.12
2078.39
2140.19
2109.73
2127.61
2158.88
2138.23
2156.23
2164.14
2216.51
2240.78
2277.37
2263.92
2285.93
2305.79
2310.31
2335.41
2335.86
2342.51
2344.03
2321.41
2306.67
2321.52
2324.21
2315.36
2316.95
2312.77
2312.63
2339.07
2342.01
2356.49
2345.56
2341.09
2329.74
2327.67
2335.13
2317.17
2303.31
2331.08
2308.32
2319.71
2325.16
2276.60
2286.46
2300.20
2282.80
2295.60
2282.51
2280.60
2260.94
2223.27
2233.75
2237.71
2239.31
2221.56
2187.45
2192.87
2189.66
2188.20
2173.09
2214.36
2190.93
2175.51
2184.35
2188.43
2169.18
2163.94
2172.97
2191.91
2179.40
2221.82
2233.80
2290.13
2319.08
2334.21
2368.08
2372.25
2358.76
2372.33
2370.63
2365.36
2378.31
2372.18
2358.19
2366.71
2374.97
2391.80
2367.84
2359.52
2351.08
2388.59
2407.63
2371.14
2340.74
2312.09
2313.77
2315.17
2324.91
2312.79
2319.10
2359.02
2351.83
2352.42
2345.84
2346.25
2319.28
