1820.21
1859.12
1853.32
1870.17
1849.05
1821.93
1850.34
1855.26
1821.30
1810.71
1828.33
1797.80
1822.56
1847.82
1860.87
1859.27
1872.93
1850.59
1858.47
1855.31
1891.84
1892.88
1882.32
1869.42
1902.31
1903.48
1886.33
1903.59
1886.96
1909.48
1916.61
1900.83
1906.22
1928.95
1899.20
1895.41
1900.37
1906.99
1928.12
1924.89
1932.38
1919.28
1936.39
1904.63
1873.58
1851.86
1826.17
1794.13
1794.52
1797.53
1768.98
1764.30
1788.67
1778.58
1786.63
1761.88
1732.80
1739.90
1746.54
1778.90
1785.11
1758.54
1729.82
1730.18
1735.17
1730.50
1741.86
1738.95
1765.02
1754.83
1741.22
1740.55
1748.68
1752.36
1724.66
1724.50
1687.07
1706.43
1709.68
1744.07
1747.81
1750.60
1697.88
1637.91
1643.42
1616.98
1605.03
1569.01
1553.61
1545.19
1511.96
1498.03
1489.37
1447.28
1438.79
1421.40
1421.96
1399.59
1430.17
1416.66
1400.06
1383.10
1378.57
1389.02
1377.66
1400.27
1414.41
1431.68
1449.73
1404.22
1379.80
1390.12
1446.35
1434.99
1443.23
1446.43
1518.03
1498.10
1495.76
1532.86
1498.57
1526.02
1533.17
1511.59
1569.03
1545.64
1487.50
1481.93
1445.54
1495.62
1496.88
1477.24
1522.52
1540.93
1578.24
1585.54
1635.66
1633.09
1655.38
1638.03
1669.20
1685.24
1683.89
1736.13
1739.62
1721.18
1705.23
1683.41
1695.54
1660.93
1685.30
1690.68
1702.13
1728.07
1723.75
1674.05
1661.43
1658.09
1677.62
1699.55
1677.44
1697.09
1688.47
1664.93
1632.83
1618.23
1655.76
1663.76
1707.70
1713.21
1707.55
1664.01
1649.50
1701.53
1695.14
1690.71
1720.32
1726.38
1722.58
1691.89
1659.92
1678.01
1700.92
1689.11
1684.09
1682.30
1707.38
1692.92
1704.52
1761.24
1793.03
1827.61
1838.63
1827.04
1845.65
1825.19
1846.59
1859.04
1829.08
1827.36
1798.70
1823.39
1825.08
1798.11
1787.07
1780.36
1807.17
1777.41
1761.15
1709.53
1692.71
1728.70
1735.81
1757.77
1763.62
1832.60
1834.06
1854.26
1898.54
1903.66
1897.03
1938.86
1951.03
2028.28
2059.40
2076.95
2098.17
2109.37
2103.07
2115.34
2081.23
2089.75
2110.89
2124.38
2164.28
2171.43
2143.61
2177.34
2178.29
2134.55
2112.73
2142.22
2130.03
2129.62
2096.64
2098.58
2122.59
2070.66
2018.99
1968.78
2038.11
1983.15
1983.05
1937.96
1922.98
1898.74
2000.16
2053.82
1966.40
2006.15
1937.89
1850.34
1929.14
2110.35
2038.58
2149.19
2172.08
2215.90
2224.29
2170.43
2154.92
2203.02
2235.91
2220.47
2176.00
2181.87
2239.14
2249.40
2229.44
2219.99
2198.34
2232.26
2218.18
2204.53
2170.85
2270.73
2298.12
2321.60
2304.66
2361.68
2378.90
2402.92
2406.83
2350.99
2300.38
2311.34
2309.61
2296.70
2293.18
2272.18
2263.39
2245.28
2222.54
2226.82
2215.19
2190.04
2193.98
2168.37
2206.89
2177.87
2211.49
2217.45
2216.22
2212.19
2214.59
2234.64
2201.86
2184.60
2209.95
2208.07
2205.85
2133.69
2148.59
2193.90
2244.79
2268.15
2245.04
2251.08
2271.91
2316.90
2346.41
2336.33
2358.49
2372.28
2393.48
2420.42
2444.16
2439.09
2386.85
2411.54
2411.73
2390.05
2405.47
2423.22
2429.41
2415.52
2425.02
2433.75
2447.07
2461.73
2458.45
2459.71
2455.60
2471.12
2449.09
2413.12
2360.56
2353.18
2365.20
2338.92
2325.08
2299.01
2299.33
2277.48
2289.15
2308.17
2323.41
2345.99
2295.39
2271.99
2316.96
2356.48
2351.20
2365.73
2367.42
2365.69
2357.98
2356.60
2390.92
2409.03
2379.29
2392.26
2375.04
2367.66
2347.73
2324.67
2310.63
2321.75
2297.64
2293.79
2264.45
2263.51
2270.18
2300.19
2282.70
2289.95
2298.99
2281.08
2272.93
2275.63
2271.56
2272.53
2270.83
2262.05
2261.94
2261.61
2254.07
2257.08
2223.20
2241.05
2249.57
2234.32
2247.69
2215.48
2210.63
2254.48
2260.80
2268.01
2266.88
2259.00
2253.56
2241.61
2280.62
2234.52
2262.83
2255.07
2258.56
2223.84
2257.62
2281.71
2280.67
2271.93
2237.56
2222.93
2226.22
2210.86
2208.65
2215.45
2232.65
2262.55
2229.99
2238.75
2217.70
2239.73
2241.03
2254.62
2252.84
2234.69
2234.87
2237.25
2210.53
2167.52
2156.44
2144.00
2138.36
2130.95
2121.01
2123.90
2142.32
2102.62
2096.96
2083.41
2112.89
2108.43
2115.79
2061.36
2053.20
2015.97
2046.24
2061.00
2043.59
2000.40
2006.17
1994.54
1990.18
1986.54
1987.94
2001.93
2016.04
2019.50
2015.11
1986.19
1983.40
1975.05
1981.23
2004.55
2012.08
1965.18
1942.53
1949.00
1963.34
1922.29
1891.11
1901.84
1910.28
1933.56
1921.50
1950.51
1941.91
1976.47
2005.15
2012.38
1993.99
2012.36
1997.63
1966.81
1950.85
1940.32
1935.36
1963.17
1947.45
1925.94
1912.25
1955.61
1926.18
1969.01
1978.70
1985.99
1990.16
2005.98
1977.89
1946.97
1951.43
1922.62
1947.63
1954.67
1970.16
1937.72
1945.60
1961.77
1973.17
1960.96
1965.76
1913.71
1981.07
1936.78
1961.37
1945.01
1997.58
1983.49
2034.26
1985.59
2026.35
2023.83
2050.24
2073.81
2067.33
2080.50
2040.48
2004.64
1994.28
2019.48
2015.02
1969.45
1934.03
1896.48
1929.14
1981.62
1997.91
1963.84
1938.79
1956.48
1985.51
1995.63
1976.65
1941.14
1949.61
1894.40
1900.94
1855.33
1844.33
1845.96
1846.73
1865.67
1866.15
1841.11
1835.53
1788.48
1803.49
1792.17
1797.57
1764.10
1768.19
1777.24
1768.90
1707.52
1665.72
1654.61
1622.29
1564.86
1526.20
1528.78
1557.47
1605.43
1635.42
1635.49
1643.34
1634.69
1656.97
1647.95
1663.75
1635.02
1660.64
1658.04
1685.25
1701.76
1718.45
1742.29
1736.62
1739.86
1710.14
1690.04
1719.55
1713.01
1737.48
1686.57
1666.65
1677.73
1701.26
1689.60
1724.89
1745.91
1736.81
1746.94
1760.55
1783.55
1767.42
1776.48
1735.58
1778.86
1765.37
1754.65
1787.62
1777.15
1803.77
1832.66
1842.36
1846.42
1817.91
1847.98
1830.14
1824.52
1829.52
1838.62
1859.11
1856.46
1857.47
1856.65
1848.54
1830.21
1822.48
1818.62
1834.67
1819.96
1813.70
1769.31
1767.31
1827.17
1819.40
1831.03
1811.40
1809.50
1837.64
1844.74
1852.56
1795.09
1800.70
1791.04
1783.18
1797.85
1806.55
1781.84
1791.68
1797.88
1816.46
1820.81
1811.07
1778.45
1760.72
1770.24
1758.46
1799.33
1781.84
1830.39
1807.10
1805.25
1791.68
1787.90
1807.91
1765.17
1767.35
1792.35
1840.10
1848.11
1842.22
1794.38
1765.60
1741.91
1735.86
1733.13
1718.19
1722.43
1713.73
1657.26
1639.26
1632.27
1651.03
1640.26
1651.08
1585.92
1585.51
1605.68
1615.90
1589.69
1614.21
1600.54
1572.16
1604.60
1609.04
1630.24
1661.23
1601.65
1590.34
1614.29
1617.91
1609.41
1574.07
1631.40
1629.69
1618.42
1610.81
1669.23
1631.50
1596.79
1602.33
1602.14
1534.81
1492.10
1490.41
1495.43
1486.89
1482.10
1494.31
1431.53
1487.75
1449.34
1461.22
1502.14
1406.71
1425.27
1370.79
1342.40
1334.37
1450.71
1607.30
1643.34
1685.28
1808.36
1879.11
1882.71
1827.36
1807.25
1817.79
1926.15
1942.66
2000.65
2070.66
2095.80
2115.39
2116.32
2112.15
2125.14
2126.64
2125.22
2120.01
2099.20
2108.67
2107.43
2128.24
2106.64
2082.19
2062.33
2085.41
2078.74
2099.30
2089.16
2141.68
2150.57
2144.56
2168.44
2174.93
2178.31
2172.14
2170.39
2180.55
2194.88
2170.86
2161.60
2132.02
2140.29
2171.72
2192.31
2161.55
2151.48
2145.77
2128.71
2131.61
2132.53
2137.70
2115.87
2107.39
2112.27
2056.35
2056.17
2066.43
2073.42
2087.82
2088.00
2093.25
2122.97
2163.48
2164.72
2178.33
2192.17
2199.69
2191.79
2179.44
2192.19
2204.41
2230.15
2239.37
2225.99
2235.67
2250.07
2259.75
2269.51
2260.78
2267.95
2263.60
2208.61
2235.68
2227.02
2210.54
2175.30
2206.68
2206.18
2206.89
2184.00
2164.82
2167.19
2160.43
2153.26
2156.95
2162.23
2126.11
2134.52
2136.45
2121.85
2126.90
2101.64
2091.15
2148.62
2175.98
2188.31
2175.46
2161.97
2170.22
2153.62
2167.32
2190.00
2200.07
2192.83
2212.71
2198.63
2188.73
2191.97
2186.08
2173.79
2124.96
2111.05
2111.47
2122.06
2140.74
2138.35
2072.65
2050.87
2098.88
2101.19
2092.33
2115.16
2108.88
2108.37
2104.97
2078.80
2085.34
2134.28
2095.17
2134.55
2165.34
2153.17
2163.21
2169.08
2211.89
2232.92
2273.24
2264.64
2273.72
2307.08
2311.51
2341.04
2336.68
2345.76
2345.61
2325.16
2300.65
2317.45
2326.49
2318.56
2323.61
2322.18
2312.32
2325.90
2337.67
2359.39
2350.47
2338.73
2334.60
2338.98
2332.63
2315.73
2308.98
2328.99
2315.79
2324.16
2326.56
2277.52
2286.57
2299.03
2282.72
2290.75
2283.90
2290.40
2260.52
2224.20
2237.23
2237.74
2239.12
2208.43
2190.88
2179.87
2191.17
2191.26
2178.44
2212.60
2193.78
2178.92
2186.97
2187.18
2174.10
2176.30
2184.39
2194.70
2191.75
2218.05
2236.63
2292.05
2301.78
2337.12
2357.54
2377.34
2354.41
2372.75
2371.11
2367.82
2375.24
2374.70
2361.43
2364.12
2381.56
2393.53
2368.97
2364.84
2356.50
2388.47
2404.61
2381.44
2342.08
2325.38
2318.66
2315.21
2326.64
2314.00
2314.98
2358.11
2352.81
2353.10
2346.73
2351.02
2323.39
2319.32
