Data		Otwarcie	Max		Min		Zamknięcie	Obrót
10.03.2023	1820.21	1820.21	1786.18	1799.58	828 105 339
09.03.2023	1859.12	1859.12	1835.94	1835.94	604 489 254
08.03.2023	1853.32	1864.49	1842.48	1860.83	635 758 983
07.03.2023	1870.17	1883.31	1853.40	1853.40	717 347 597
06.03.2023	1849.05	1878.93	1849.05	1873.63	631 109 756
03.03.2023	1821.93	1841.85	1820.13	1841.85	645 660 672
02.03.2023	1850.34	1850.34	1813.37	1817.77	748 666 249
01.03.2023	1855.26	1868.54	1845.77	1856.22	864 207 382
28.02.2023	1821.30	1847.94	1810.98	1847.94	1 269 384 667
27.02.2023	1810.71	1828.27	1806.50	1820.79	399 800 195
24.02.2023	1828.33	1832.76	1802.10	1807.31	585 348 358
23.02.2023	1797.80	1826.45	1797.80	1824.76	650 518 029
22.02.2023	1822.56	1823.79	1786.67	1791.72	677 317 173
21.02.2023	1847.82	1847.82	1813.26	1825.89	760 923 017
20.02.2023	1860.87	1863.76	1842.43	1849.48	457 177 232
17.02.2023	1859.27	1867.81	1846.46	1859.26	642 807 119
16.02.2023	1872.93	1883.67	1841.85	1865.51	821 539 685
15.02.2023	1850.59	1871.47	1844.73	1870.03	577 505 008
14.02.2023	1858.47	1868.44	1841.76	1852.67	595 516 275
13.02.2023	1855.31	1863.95	1837.88	1853.29	615 950 696
10.02.2023	1891.84	1891.84	1838.33	1848.04	968 637 172
09.02.2023	1892.88	1912.32	1889.24	1896.24	609 326 802
08.02.2023	1882.32	1898.52	1882.32	1886.68	639 098 883
07.02.2023	1869.42	1877.28	1858.79	1870.87	678 729 124
06.02.2023	1902.31	1902.31	1863.26	1864.76	759 852 759
03.02.2023	1903.48	1917.69	1896.18	1906.13	1 004 876 796
02.02.2023	1886.33	1919.26	1882.56	1903.79	1 255 857 827
01.02.2023	1903.59	1911.39	1871.93	1871.93	1 107 777 956
31.01.2023	1886.96	1905.89	1876.42	1902.25	1 239 021 291
30.01.2023	1909.48	1909.48	1882.38	1889.82	768 713 755
27.01.2023	1916.61	1925.94	1909.33	1911.50	799 727 598
26.01.2023	1900.83	1920.18	1892.13	1911.61	810 640 389
25.01.2023	1906.22	1906.22	1879.52	1886.24	1 042 860 828
24.01.2023	1928.95	1945.78	1912.85	1918.60	788 506 179
23.01.2023	1899.20	1928.67	1899.20	1923.15	956 419 805
20.01.2023	1895.41	1901.03	1879.51	1892.32	996 066 729
19.01.2023	1900.37	1903.17	1869.14	1889.84	1 343 753 723
18.01.2023	1906.99	1928.89	1894.82	1913.25	1 551 631 361
17.01.2023	1928.12	1932.16	1898.34	1904.51	994 152 485
16.01.2023	1924.89	1944.20	1901.50	1933.08	884 073 106
13.01.2023	1932.38	1939.83	1910.13	1923.44	837 716 269
12.01.2023	1919.28	1950.83	1919.28	1930.79	1 489 171 496
11.01.2023	1936.39	1955.44	1912.55	1914.74	1 256 541 367
10.01.2023	1904.63	1940.96	1890.53	1937.98	1 259 217 375
09.01.2023	1873.58	1912.84	1873.58	1912.47	1 447 529 759
05.01.2023	1851.86	1887.05	1843.35	1856.05	1 385 012 556
04.01.2023	1826.17	1856.63	1824.74	1855.05	985 659 646
03.01.2023	1794.13	1835.15	1791.98	1824.82	1 034 258 167
02.01.2023	1794.52	1811.64	1786.70	1791.47	235 725 337
30.12.2022	1797.53	1797.86	1786.56	1792.01	384 973 491
29.12.2022	1768.98	1802.20	1763.44	1802.20	453 138 963
28.12.2022	1764.30	1776.98	1757.71	1767.88	450 733 819
27.12.2022	1788.67	1792.82	1762.64	1765.87	297 303 199
23.12.2022	1778.58	1782.76	1769.41	1780.27	358 915 028
22.12.2022	1786.63	1796.05	1774.71	1780.07	494 138 677
21.12.2022	1761.88	1786.56	1754.46	1786.10	671 144 135
20.12.2022	1732.80	1763.20	1724.41	1763.20	492 089 582
19.12.2022	1739.90	1754.27	1737.50	1743.24	464 485 379
16.12.2022	1746.54	1755.89	1726.58	1741.30	1 645 397 170
15.12.2022	1778.90	1778.90	1746.02	1756.52	865 461 050
14.12.2022	1785.11	1793.02	1778.37	1787.37	710 972 126
13.12.2022	1758.54	1803.60	1742.11	1784.67	987 091 306
12.12.2022	1729.82	1759.39	1714.22	1755.34	650 624 484
09.12.2022	1730.18	1735.76	1717.00	1730.16	593 345 712
08.12.2022	1735.17	1735.41	1715.72	1725.66	538 457 840
07.12.2022	1730.50	1739.05	1720.19	1735.66	487 841 602
06.12.2022	1741.86	1741.86	1722.72	1733.59	582 484 343
05.12.2022	1738.95	1766.04	1738.95	1746.54	550 100 207
02.12.2022	1765.02	1765.02	1730.43	1733.46	1 191 515 315
01.12.2022	1754.83	1766.38	1741.13	1766.38	1 267 014 982
30.11.2022	1741.22	1756.95	1727.88	1736.26	3 078 481 345
29.11.2022	1740.55	1744.71	1718.31	1736.19	1 086 902 507
28.11.2022	1748.68	1748.84	1728.74	1728.74	783 089 108
25.11.2022	1752.36	1764.57	1736.75	1755.69	574 730 782
24.11.2022	1724.66	1753.95	1721.85	1753.95	670 754 536
23.11.2022	1724.50	1737.75	1707.01	1713.61	643 198 867
22.11.2022	1687.07	1729.95	1681.78	1717.75	760 112 567
21.11.2022	1706.43	1706.47	1683.15	1685.50	793 447 695
18.11.2022	1709.68	1726.63	1689.34	1707.23	798 754 763
17.11.2022	1744.07	1750.96	1695.80	1708.23	907 512 631
16.11.2022	1747.81	1761.51	1731.46	1741.17	1 052 556 003
15.11.2022	1750.60	1784.76	1728.17	1769.55	1 110 830 921
14.11.2022	1697.88	1759.79	1697.88	1743.89	1 528 663 953
10.11.2022	1637.91	1692.72	1619.03	1690.38	1 036 127 208
09.11.2022	1643.42	1658.52	1638.45	1644.12	734 878 057
08.11.2022	1616.98	1644.75	1602.48	1644.75	703 521 513
07.11.2022	1605.03	1637.37	1600.71	1618.14	1 023 971 205
04.11.2022	1569.01	1612.09	1569.01	1601.27	1 136 739 883
03.11.2022	1553.61	1559.97	1538.04	1559.55	797 694 052
02.11.2022	1545.19	1573.97	1545.19	1573.97	1 180 333 960
31.10.2022	1511.96	1536.28	1506.41	1536.28	957 550 657
28.10.2022	1498.03	1516.82	1481.23	1508.70	1 280 573 807
27.10.2022	1489.37	1506.74	1474.43	1506.74	1 119 757 311
26.10.2022	1447.28	1487.60	1443.41	1487.60	784 335 353
25.10.2022	1438.79	1450.33	1422.44	1444.02	723 585 175
24.10.2022	1421.40	1445.85	1411.21	1433.21	620 924 954
21.10.2022	1421.96	1424.90	1397.28	1411.62	607 736 215
20.10.2022	1399.59	1429.16	1385.16	1426.52	872 352 594
19.10.2022	1430.17	1430.17	1395.73	1397.66	668 927 647
18.10.2022	1416.66	1440.90	1414.90	1427.68	1 084 321 521
17.10.2022	1400.06	1418.65	1384.60	1414.06	571 535 082
14.10.2022	1383.10	1409.55	1381.49	1397.23	888 772 960
13.10.2022	1378.57	1381.48	1337.71	1358.50	946 333 584
12.10.2022	1389.02	1391.14	1369.65	1377.19	818 201 107
11.10.2022	1377.66	1405.98	1360.70	1381.84	746 617 675
10.10.2022	1400.27	1400.29	1379.35	1379.49	639 991 305
07.10.2022	1414.41	1420.33	1398.86	1405.21	625 427 907
06.10.2022	1431.68	1449.55	1409.32	1417.82	667 478 013
05.10.2022	1449.73	1449.73	1418.03	1419.12	815 669 953
04.10.2022	1404.22	1449.81	1404.22	1449.81	908 890 224
03.10.2022	1379.80	1388.96	1344.02	1386.96	692 501 683
30.09.2022	1390.12	1396.76	1366.25	1377.91	891 889 731
29.09.2022	1446.35	1446.35	1375.19	1380.10	937 593 728
28.09.2022	1434.99	1440.66	1407.56	1435.37	916 638 370
27.09.2022	1443.23	1473.21	1443.23	1458.81	849 146 265
26.09.2022	1446.43	1450.70	1410.71	1433.08	946 613 784
23.09.2022	1518.03	1518.03	1453.76	1457.78	737 310 939
22.09.2022	1498.10	1526.89	1485.31	1518.19	525 691 611
21.09.2022	1495.76	1515.86	1488.25	1509.32	531 492 839
20.09.2022	1532.86	1546.50	1497.41	1497.41	550 295 672
19.09.2022	1498.57	1528.70	1496.79	1527.25	677 210 269
16.09.2022	1526.02	1529.20	1487.36	1501.91	1 900 464 853
15.09.2022	1533.17	1550.80	1523.79	1539.75	700 716 834
14.09.2022	1511.59	1531.76	1507.20	1528.29	683 446 666
13.09.2022	1569.03	1573.05	1515.19	1519.35	705 512 853
12.09.2022	1545.64	1561.98	1519.71	1561.97	734 224 705
09.09.2022	1487.50	1534.68	1487.50	1534.68	868 737 220
08.09.2022	1481.93	1494.98	1460.43	1473.18	784 404 475
07.09.2022	1445.54	1471.34	1431.36	1469.42	787 207 140
06.09.2022	1495.62	1504.64	1444.84	1452.86	685 241 509
05.09.2022	1496.88	1505.05	1482.29	1492.06	572 390 655
02.09.2022	1477.24	1506.54	1464.67	1505.75	975 683 385
01.09.2022	1522.52	1522.52	1462.59	1462.59	964 641 321
31.08.2022	1540.93	1548.25	1513.50	1528.22	1 218 718 421
30.08.2022	1578.24	1583.57	1532.85	1535.11	608 301 800
29.08.2022	1585.54	1585.54	1552.60	1573.35	564 216 922
26.08.2022	1635.66	1637.07	1596.06	1602.81	631 548 784
25.08.2022	1633.09	1650.70	1622.55	1632.00	617 155 169
24.08.2022	1655.38	1655.38	1616.14	1620.63	717 154 712
23.08.2022	1638.03	1667.41	1630.67	1656.77	961 619 023
22.08.2022	1669.20	1670.29	1630.00	1640.02	730 577 550
19.08.2022	1685.24	1698.82	1668.62	1673.40	843 313 106
18.08.2022	1683.89	1703.78	1672.48	1699.68	731 183 436
17.08.2022	1736.13	1736.80	1679.71	1682.93	805 182 699
16.08.2022	1739.62	1763.25	1730.05	1735.00	796 234 389
12.08.2022	1721.18	1737.25	1716.38	1735.07	539 876 855
11.08.2022	1705.23	1724.98	1690.24	1724.98	518 860 729
10.08.2022	1683.41	1702.17	1661.42	1694.11	637 200 201
09.08.2022	1695.54	1706.57	1682.49	1684.14	684 239 641
08.08.2022	1660.93	1695.78	1652.97	1695.78	626 167 973
05.08.2022	1685.30	1696.43	1643.02	1652.14	694 608 011
04.08.2022	1690.68	1697.16	1666.85	1674.37	874 596 708
03.08.2022	1702.13	1702.32	1679.92	1688.03	750 341 630
02.08.2022	1728.07	1728.48	1709.85	1713.61	630 511 505
01.08.2022	1723.75	1736.47	1714.65	1736.47	555 240 084
29.07.2022	1674.05	1721.11	1674.05	1721.11	959 870 102
28.07.2022	1661.43	1679.66	1652.86	1667.17	2 269 713 263
27.07.2022	1658.09	1670.03	1632.23	1651.89	1 004 592 330
26.07.2022	1677.62	1683.51	1646.30	1654.70	710 494 366
25.07.2022	1699.55	1708.72	1682.95	1685.62	515 517 823
22.07.2022	1677.44	1710.51	1677.44	1701.73	686 104 564
21.07.2022	1697.09	1702.40	1665.34	1683.09	659 532 586
20.07.2022	1688.47	1701.91	1678.74	1694.58	648 637 055
19.07.2022	1664.93	1681.28	1648.39	1679.27	514 528 019
18.07.2022	1632.83	1670.33	1632.83	1669.48	624 355 794
15.07.2022	1618.23	1634.31	1607.84	1620.13	531 188 717
14.07.2022	1655.76	1660.85	1601.32	1613.98	722 070 351
13.07.2022	1663.76	1678.86	1643.36	1655.65	692 882 669
12.07.2022	1707.70	1707.70	1663.05	1663.46	962 347 809
11.07.2022	1713.21	1725.66	1700.85	1714.56	676 894 954
08.07.2022	1707.55	1742.95	1698.13	1740.46	836 489 553
07.07.2022	1664.01	1716.56	1664.01	1708.80	872 473 654
06.07.2022	1649.50	1668.17	1629.79	1654.84	976 349 170
05.07.2022	1701.53	1706.10	1634.50	1644.46	865 928 399
04.07.2022	1695.14	1702.40	1665.59	1693.10	664 075 149
01.07.2022	1690.71	1717.96	1686.98	1688.85	721 841 725
30.06.2022	1720.32	1720.32	1689.04	1695.97	892 424 609
29.06.2022	1726.38	1738.60	1711.84	1733.19	694 410 318
28.06.2022	1722.58	1744.91	1722.58	1739.08	943 545 239
27.06.2022	1691.89	1715.62	1690.74	1713.18	736 190 948
24.06.2022	1659.92	1686.33	1654.61	1682.33	544 324 489
23.06.2022	1678.01	1690.32	1653.80	1654.32	660 841 867
22.06.2022	1700.92	1700.92	1667.82	1680.61	599 836 582
21.06.2022	1689.11	1719.05	1689.11	1719.05	493 822 920
20.06.2022	1684.09	1695.98	1678.23	1679.89	517 295 505
17.06.2022	1682.30	1706.17	1665.88	1676.67	1 439 815 003
15.06.2022	1707.38	1711.95	1672.46	1707.11	817 068 580
14.06.2022	1692.92	1706.50	1680.68	1704.07	740 582 650
13.06.2022	1704.52	1707.25	1674.39	1681.75	765 512 341
10.06.2022	1761.24	1761.24	1720.39	1725.18	743 885 497
09.06.2022	1793.03	1800.65	1762.92	1767.50	724 221 700
08.06.2022	1827.61	1830.66	1783.21	1792.80	714 458 425
07.06.2022	1838.63	1838.63	1816.40	1828.57	667 600 701
06.06.2022	1827.04	1851.22	1821.82	1849.55	396 537 187
03.06.2022	1845.65	1851.34	1812.39	1819.99	593 561 144
02.06.2022	1825.19	1840.38	1814.50	1833.76	506 971 873
01.06.2022	1846.59	1846.59	1818.87	1822.57	580 414 839
31.05.2022	1859.04	1862.95	1837.62	1842.93	1 936 624 354
30.05.2022	1829.08	1859.20	1827.52	1858.60	577 069 748
27.05.2022	1827.36	1832.19	1800.31	1810.68	795 992 374
26.05.2022	1798.70	1832.27	1790.87	1827.01	672 059 625
25.05.2022	1823.39	1833.56	1789.67	1796.58	639 081 959
24.05.2022	1825.08	1844.86	1810.98	1810.98	910 948 287
23.05.2022	1798.11	1836.98	1798.11	1836.87	926 612 630
20.05.2022	1787.07	1806.82	1782.66	1782.66	827 226 139
19.05.2022	1780.36	1789.69	1753.51	1776.40	1 032 833 285
18.05.2022	1807.17	1827.63	1801.68	1801.68	1 007 366 067
17.05.2022	1777.41	1818.05	1769.03	1800.55	1 068 184 986
16.05.2022	1761.15	1796.30	1746.66	1762.22	907 449 285
13.05.2022	1709.53	1774.92	1709.53	1765.63	997 668 138
12.05.2022	1692.71	1713.59	1652.30	1691.62	1 319 279 532
11.05.2022	1728.70	1744.76	1710.15	1718.07	1 069 252 909
10.05.2022	1735.81	1748.73	1703.90	1719.24	1 225 158 026
09.05.2022	1757.77	1759.99	1724.48	1727.34	715 385 927
06.05.2022	1763.62	1765.14	1717.48	1765.14	1 090 558 593
05.05.2022	1832.60	1849.71	1765.85	1765.85	1 208 098 722
04.05.2022	1834.06	1836.87	1808.20	1812.56	1 185 323 400
02.05.2022	1854.26	1854.26	1816.50	1824.05	609 239 506
29.04.2022	1898.54	1915.32	1850.37	1858.12	1 219 106 240
28.04.2022	1903.66	1916.25	1872.10	1884.42	1 008 817 108
27.04.2022	1897.03	1898.84	1867.06	1883.09	1 004 134 786
26.04.2022	1938.86	1951.36	1894.28	1896.46	1 177 186 064
25.04.2022	1951.03	1966.80	1909.93	1919.55	1 355 263 976
22.04.2022	2028.28	2028.28	1973.31	1973.31	872 830 772
21.04.2022	2059.40	2068.70	2028.76	2028.76	1 139 845 550
20.04.2022	2076.95	2094.91	2047.81	2047.81	980 132 396
19.04.2022	2098.17	2103.49	2046.24	2068.52	1 203 479 313
14.04.2022	2109.37	2116.40	2088.70	2093.17	633 135 377
13.04.2022	2103.07	2112.82	2087.13	2104.32	718 894 728
12.04.2022	2115.34	2115.34	2091.76	2094.01	993 981 866
11.04.2022	2081.23	2121.65	2066.56	2121.65	814 784 448
08.04.2022	2089.75	2105.49	2073.85	2085.07	781 908 854
07.04.2022	2110.89	2116.47	2076.63	2076.63	937 030 626
06.04.2022	2124.38	2127.28	2083.93	2107.82	1 030 048 279
05.04.2022	2164.28	2170.09	2120.76	2123.49	935 274 524
04.04.2022	2171.43	2181.17	2144.42	2157.79	1 053 772 472
01.04.2022	2143.61	2168.05	2142.22	2164.81	849 238 872
31.03.2022	2177.34	2182.92	2133.05	2133.05	1 250 349 971
30.03.2022	2178.29	2187.85	2158.86	2179.56	1 099 860 635
29.03.2022	2134.55	2182.97	2107.74	2171.56	1 630 666 150
28.03.2022	2112.73	2143.35	2112.73	2123.12	1 061 118 171
25.03.2022	2142.22	2147.17	2098.97	2115.58	953 323 461
24.03.2022	2130.03	2154.29	2112.60	2138.80	1 191 822 192
23.03.2022	2129.62	2148.04	2103.09	2120.86	938 906 885
22.03.2022	2096.64	2125.06	2096.50	2121.52	1 347 419 740
21.03.2022	2098.58	2125.13	2082.38	2093.04	972 341 147
18.03.2022	2122.59	2137.12	2088.08	2099.26	2 326 430 478
17.03.2022	2070.66	2125.29	2070.66	2125.29	1 641 131 057
16.03.2022	2018.99	2067.13	2018.99	2060.07	1 732 423 257
15.03.2022	1968.78	2018.37	1950.63	1999.93	1 095 360 141
14.03.2022	2038.11	2038.11	1972.14	1972.14	1 111 520 342
11.03.2022	1983.15	2045.15	1983.15	2033.49	1 262 382 612
10.03.2022	1983.05	1992.24	1950.24	1970.27	1 444 821 459
09.03.2022	1937.96	1981.13	1933.67	1973.25	1 559 183 196
08.03.2022	1922.98	1971.77	1899.22	1908.10	1 700 949 952
07.03.2022	1898.74	1956.36	1860.10	1934.94	3 064 165 604
04.03.2022	2000.16	2000.16	1894.88	1918.75	1 920 947 012
03.03.2022	2053.82	2068.52	2005.47	2009.56	2 104 120 099
02.03.2022	1966.40	2043.96	1954.93	2043.96	2 339 663 094
01.03.2022	2006.15	2050.89	1964.71	1967.01	1 804 253 929
28.02.2022	1937.89	2010.06	1890.33	1999.88	2 478 597 160
25.02.2022	1850.34	1993.78	1850.34	1970.78	1 945 240 790
24.02.2022	1929.14	1929.14	1781.02	1817.45	2 655 514 443
23.02.2022	2110.35	2129.52	2038.99	2038.99	1 074 121 328
22.02.2022	2038.58	2106.97	2010.54	2101.31	1 103 321 219
21.02.2022	2149.19	2162.80	2059.49	2069.53	793 859 389
18.02.2022	2172.08	2188.88	2143.28	2143.28	650 429 884
17.02.2022	2215.90	2218.30	2168.46	2175.61	699 769 929
16.02.2022	2224.29	2246.54	2201.69	2212.73	819 284 540
15.02.2022	2170.43	2222.01	2170.43	2209.70	871 855 578
14.02.2022	2154.92	2172.61	2119.71	2161.79	1 056 121 086
11.02.2022	2203.02	2203.52	2172.72	2203.13	858 966 403
10.02.2022	2235.91	2244.73	2201.11	2213.21	867 705 127
09.02.2022	2220.47	2236.48	2216.91	2235.93	976 057 371
08.02.2022	2176.00	2215.12	2171.41	2215.12	964 278 334
07.02.2022	2181.87	2201.40	2149.25	2171.62	851 740 641
04.02.2022	2239.14	2242.69	2174.57	2174.57	952 266 966
03.02.2022	2249.40	2250.75	2225.26	2235.15	808 468 755
02.02.2022	2229.44	2262.18	2221.30	2252.92	1 115 192 856
01.02.2022	2219.99	2238.58	2210.41	2224.28	859 205 147
31.01.2022	2198.34	2218.58	2191.24	2209.62	1 265 772 059
28.01.2022	2232.26	2232.26	2167.61	2183.70	1 174 838 008
27.01.2022	2218.18	2241.77	2197.75	2234.33	1 110 603 088
26.01.2022	2204.53	2245.72	2204.53	2233.18	892 043 592
25.01.2022	2170.85	2214.87	2170.45	2199.60	1 036 772 331
24.01.2022	2270.73	2282.96	2153.81	2170.36	1 413 172 918
21.01.2022	2298.12	2298.12	2257.71	2273.81	1 144 384 285
20.01.2022	2321.60	2331.17	2299.73	2308.94	1 013 144 516
19.01.2022	2304.66	2337.74	2291.46	2316.94	1 112 062 299
18.01.2022	2361.68	2361.68	2317.23	2317.36	1 039 681 886
17.01.2022	2378.90	2387.33	2359.30	2365.29	636 424 221
14.01.2022	2402.92	2413.59	2370.11	2383.16	1 079 858 390
13.01.2022	2406.83	2429.03	2397.64	2407.62	1 384 653 301
12.01.2022	2350.99	2411.11	2350.99	2411.11	1 925 087 607
11.01.2022	2300.38	2345.44	2296.03	2344.45	1 314 527 396
10.01.2022	2311.34	2328.41	2289.59	2291.23	976 157 947
07.01.2022	2309.61	2314.16	2278.63	2311.93	1 263 707 344
05.01.2022	2296.70	2310.97	2283.63	2310.97	917 069 477
04.01.2022	2293.18	2301.76	2281.04	2300.68	902 232 895
03.01.2022	2272.18	2302.11	2272.18	2286.50	801 141 112
30.12.2021	2263.39	2266.92	2247.73	2266.92	519 625 885
29.12.2021	2245.28	2263.76	2242.80	2260.70	456 445 015
28.12.2021	2222.54	2252.43	2219.10	2252.43	677 187 953
27.12.2021	2226.82	2232.08	2210.90	2226.24	504 081 564
23.12.2021	2215.19	2228.64	2213.67	2225.80	580 789 224
22.12.2021	2190.04	2212.32	2186.67	2212.32	515 713 271
21.12.2021	2193.98	2206.73	2185.27	2185.47	528 327 941
20.12.2021	2168.37	2193.18	2144.30	2189.91	755 540 532
17.12.2021	2206.89	2208.54	2183.83	2194.56	1 800 260 809
16.12.2021	2177.87	2216.95	2177.87	2213.89	872 235 819
15.12.2021	2211.49	2211.49	2153.69	2161.04	844 444 478
14.12.2021	2217.45	2226.58	2197.46	2211.81	844 065 181
13.12.2021	2216.22	2244.59	2205.11	2214.38	774 263 260
10.12.2021	2212.19	2226.15	2203.22	2213.78	572 021 893
09.12.2021	2214.59	2237.73	2184.35	2212.81	1 025 976 228
08.12.2021	2234.64	2244.71	2214.40	2219.62	743 447 330
07.12.2021	2201.86	2237.32	2201.86	2231.12	564 088 682
06.12.2021	2184.60	2199.87	2175.93	2190.67	734 358 877
03.12.2021	2209.95	2223.51	2176.74	2179.71	977 515 344
02.12.2021	2208.07	2208.07	2179.15	2201.86	923 922 990
01.12.2021	2205.85	2229.12	2193.19	2217.18	1 200 450 224
30.11.2021	2133.69	2199.73	2118.81	2194.37	2 604 215 295
29.11.2021	2148.59	2168.81	2120.23	2148.62	1 109 848 902
26.11.2021	2193.90	2193.90	2138.75	2143.13	1 448 310 911
25.11.2021	2244.79	2247.36	2218.45	2229.44	574 454 479
24.11.2021	2268.15	2275.74	2230.01	2239.75	902 194 410
23.11.2021	2245.04	2268.99	2223.71	2261.15	1 180 572 611
22.11.2021	2251.08	2262.74	2237.64	2247.82	989 059 111
19.11.2021	2271.91	2286.37	2221.68	2248.18	1 257 739 110
18.11.2021	2316.90	2316.90	2258.90	2271.31	1 177 702 256
17.11.2021	2346.41	2354.67	2312.13	2317.49	1 036 605 773
16.11.2021	2336.33	2350.13	2333.66	2340.03	942 764 838
15.11.2021	2358.49	2384.74	2335.04	2335.04	1 088 263 113
12.11.2021	2372.28	2390.77	2358.23	2358.23	1 222 602 554
10.11.2021	2393.48	2407.83	2355.75	2366.59	989 658 718
09.11.2021	2420.42	2423.89	2393.20	2395.05	1 094 738 281
08.11.2021	2444.16	2449.64	2417.29	2423.92	722 889 598
05.11.2021	2439.09	2443.77	2419.57	2439.16	1 247 964 944
04.11.2021	2386.85	2441.93	2386.85	2438.80	1 223 543 010
03.11.2021	2411.54	2428.52	2370.99	2380.11	1 001 251 052
02.11.2021	2411.73	2421.09	2388.14	2407.53	1 291 041 067
29.10.2021	2390.05	2421.65	2377.84	2405.05	1 150 839 599
28.10.2021	2405.47	2411.60	2391.93	2392.67	787 675 907
27.10.2021	2423.22	2423.22	2389.35	2404.82	1 029 922 065
26.10.2021	2429.41	2442.53	2417.03	2425.29	896 132 443
25.10.2021	2415.52	2430.62	2415.52	2427.19	748 980 555
22.10.2021	2425.02	2436.87	2412.57	2417.09	719 202 994
21.10.2021	2433.75	2433.75	2418.23	2427.35	1 123 796 789
20.10.2021	2447.07	2453.57	2432.33	2443.11	1 015 099 980
19.10.2021	2461.73	2472.34	2438.14	2447.54	1 003 352 753
18.10.2021	2458.45	2474.44	2452.44	2459.81	982 246 923
15.10.2021	2459.71	2461.17	2438.38	2453.98	1 378 652 010
14.10.2021	2455.60	2473.32	2447.11	2459.50	1 746 527 594
13.10.2021	2471.12	2473.93	2439.48	2451.89	1 648 332 091
12.10.2021	2449.09	2478.55	2429.66	2472.33	1 711 800 131
11.10.2021	2413.12	2457.36	2409.01	2457.36	1 144 819 355
08.10.2021	2360.56	2415.15	2360.56	2411.12	1 391 953 526
07.10.2021	2353.18	2365.41	2334.37	2359.54	1 265 021 293
06.10.2021	2365.20	2365.20	2329.59	2349.46	1 425 094 437
05.10.2021	2338.92	2365.14	2320.67	2364.72	863 793 301
04.10.2021	2325.08	2360.69	2306.16	2338.09	1 177 009 859
01.10.2021	2299.01	2332.78	2284.34	2327.88	1 006 331 037
30.09.2021	2299.33	2314.35	2294.48	2310.29	1 257 132 578
29.09.2021	2277.48	2299.84	2271.60	2290.97	521 322 988
28.09.2021	2289.15	2298.68	2270.88	2275.68	707 037 743
27.09.2021	2308.17	2314.80	2285.15	2292.47	807 066 573
24.09.2021	2323.41	2326.78	2295.88	2299.18	782 489 931
23.09.2021	2345.99	2353.45	2315.20	2320.51	802 455 018
22.09.2021	2295.39	2335.18	2295.39	2334.10	740 098 596
21.09.2021	2271.99	2302.02	2271.94	2278.11	843 791 464
20.09.2021	2316.96	2316.96	2259.28	2272.52	1 067 677 428
17.09.2021	2356.48	2359.97	2326.12	2333.01	1 825 870 407
16.09.2021	2351.20	2367.65	2347.03	2357.28	1 029 633 455
15.09.2021	2365.73	2368.41	2348.33	2355.23	956 579 422
14.09.2021	2367.42	2381.69	2356.63	2376.01	1 049 310 286
13.09.2021	2365.69	2387.74	2362.83	2387.74	825 723 187
10.09.2021	2357.98	2377.01	2357.98	2360.70	697 107 639
09.09.2021	2356.60	2361.31	2341.53	2356.39	653 459 601
08.09.2021	2390.92	2390.92	2361.41	2364.63	784 468 398
07.09.2021	2409.03	2409.10	2388.22	2394.79	726 748 508
06.09.2021	2379.29	2416.38	2379.29	2416.38	540 049 706
03.09.2021	2392.26	2393.71	2370.71	2380.82	547 493 193
02.09.2021	2375.04	2391.94	2363.26	2391.94	1 014 300 725
01.09.2021	2367.66	2387.46	2367.66	2371.16	818 262 710
31.08.2021	2347.73	2379.63	2347.73	2368.03	1 301 703 584
30.08.2021	2324.67	2350.93	2324.67	2350.23	669 846 685
27.08.2021	2310.63	2323.77	2295.89	2323.77	483 197 952
26.08.2021	2321.75	2326.62	2307.66	2309.44	468 649 196
25.08.2021	2297.64	2325.19	2291.03	2325.19	555 608 044
24.08.2021	2293.79	2300.90	2282.35	2300.90	555 866 562
23.08.2021	2264.45	2290.92	2264.45	2287.52	545 865 375
20.08.2021	2263.51	2263.51	2247.35	2255.56	504 781 707
19.08.2021	2270.18	2270.95	2240.78	2260.02	756 819 232
18.08.2021	2300.19	2301.58	2275.03	2284.97	616 918 187
17.08.2021	2282.70	2300.04	2279.19	2300.04	722 666 644
16.08.2021	2289.95	2297.14	2280.31	2282.10	511 438 375
13.08.2021	2298.99	2302.10	2290.22	2302.03	467 527 800
12.08.2021	2281.08	2297.72	2277.19	2297.72	675 121 586
11.08.2021	2272.93	2283.69	2261.47	2283.69	624 361 692
10.08.2021	2275.63	2284.79	2268.38	2277.23	570 028 906
09.08.2021	2271.56	2279.90	2267.14	2274.48	513 348 633
06.08.2021	2272.53	2276.00	2255.61	2273.89	625 397 316
05.08.2021	2270.83	2275.58	2259.76	2270.67	581 168 537
04.08.2021	2262.05	2280.65	2261.60	2272.09	547 975 350
03.08.2021	2261.94	2272.82	2249.63	2257.73	681 286 080
02.08.2021	2261.61	2266.44	2248.02	2253.28	513 414 155
30.07.2021	2254.07	2258.76	2244.23	2253.45	716 473 961
29.07.2021	2257.08	2268.30	2257.08	2265.69	801 171 251
28.07.2021	2223.20	2249.22	2217.76	2245.76	692 836 164
27.07.2021	2241.05	2241.05	2214.24	2224.59	456 785 981
26.07.2021	2249.57	2250.75	2221.14	2240.65	504 665 235
23.07.2021	2234.32	2243.32	2232.83	2242.41	400 395 614
22.07.2021	2247.69	2252.95	2226.21	2229.86	476 750 235
21.07.2021	2215.48	2254.33	2215.48	2241.97	687 407 204
20.07.2021	2210.63	2223.97	2198.29	2221.28	627 146 822
19.07.2021	2254.48	2254.48	2196.01	2205.86	729 924 450
16.07.2021	2260.80	2272.02	2253.48	2258.10	521 992 979
15.07.2021	2268.01	2281.76	2255.35	2260.49	608 803 036
14.07.2021	2266.88	2280.19	2262.99	2268.57	602 719 947
13.07.2021	2259.00	2279.40	2258.36	2264.26	635 992 165
12.07.2021	2253.56	2262.35	2244.10	2255.48	748 096 647
09.07.2021	2241.61	2258.77	2233.98	2251.78	530 618 307
08.07.2021	2280.62	2280.62	2230.62	2234.60	883 611 959
07.07.2021	2234.52	2292.49	2234.52	2285.79	1 021 823 920
06.07.2021	2262.83	2268.55	2228.46	2228.46	673 644 471
05.07.2021	2255.07	2264.33	2254.01	2258.82	444 681 351
02.07.2021	2258.56	2269.40	2249.91	2252.18	562 248 168
01.07.2021	2223.84	2255.33	2223.84	2250.58	1 002 613 376
30.06.2021	2257.62	2264.36	2218.41	2218.41	1 233 294 096
29.06.2021	2281.71	2283.15	2251.62	2258.24	945 262 264
28.06.2021	2280.67	2293.02	2260.40	2285.81	616 075 896
25.06.2021	2271.93	2291.37	2269.55	2282.46	751 258 837
24.06.2021	2237.56	2276.77	2233.03	2273.11	935 785 104
23.06.2021	2222.93	2238.66	2217.36	2233.70	548 933 608
22.06.2021	2226.22	2234.65	2204.52	2220.53	710 137 990
21.06.2021	2210.86	2223.35	2189.24	2219.45	572 194 052
18.06.2021	2208.65	2224.42	2203.47	2220.68	1 898 705 435
17.06.2021	2215.45	2221.62	2204.74	2211.58	980 247 612
16.06.2021	2232.65	2244.07	2225.14	2225.27	1 100 676 654
15.06.2021	2262.55	2269.21	2230.10	2230.37	1 198 139 774
14.06.2021	2229.99	2253.20	2228.81	2253.20	574 839 639
11.06.2021	2238.75	2239.30	2224.15	2224.67	761 091 140
10.06.2021	2217.70	2242.70	2210.07	2236.89	894 982 573
09.06.2021	2239.73	2245.08	2215.18	2218.45	905 755 580
08.06.2021	2241.03	2247.11	2223.20	2237.61	965 385 947
07.06.2021	2254.62	2273.28	2245.49	2246.63	738 275 214
04.06.2021	2252.84	2261.39	2230.69	2254.59	914 190 123
02.06.2021	2234.69	2253.32	2233.99	2252.26	906 014 903
01.06.2021	2234.87	2268.18	2226.59	2233.37	1 072 709 258
31.05.2021	2237.25	2250.45	2227.27	2233.36	699 707 587
28.05.2021	2210.53	2237.01	2210.53	2236.31	1 194 232 297
27.05.2021	2167.52	2208.23	2165.53	2207.47	2 019 244 525
26.05.2021	2156.44	2172.50	2143.24	2164.89	792 938 284
25.05.2021	2144.00	2157.82	2131.94	2153.78	1 026 765 142
24.05.2021	2138.36	2139.33	2127.30	2134.18	693 229 001
21.05.2021	2130.95	2149.09	2126.30	2139.06	933 301 056
20.05.2021	2121.01	2134.93	2100.73	2131.18	1 111 557 598
19.05.2021	2123.90	2129.88	2107.33	2115.15	1 144 029 926
18.05.2021	2142.32	2154.13	2132.83	2136.54	1 147 130 851
17.05.2021	2102.62	2129.99	2102.62	2128.49	994 350 657
14.05.2021	2096.96	2103.30	2062.64	2092.80	905 913 984
13.05.2021	2083.41	2095.86	2049.81	2089.32	1 220 396 761
12.05.2021	2112.89	2123.47	2084.77	2091.39	1 137 922 399
11.05.2021	2108.43	2116.51	2078.10	2110.48	1 534 759 198
10.05.2021	2115.79	2142.57	2108.34	2115.70	1 062 268 232
07.05.2021	2061.36	2099.19	2061.36	2097.31	878 953 372
06.05.2021	2053.20	2076.80	2040.40	2046.67	1 070 347 949
05.05.2021	2015.97	2052.17	2014.52	2047.36	890 802 741
04.05.2021	2046.24	2046.24	1999.81	2004.04	863 823 137
30.04.2021	2061.00	2065.47	2037.20	2037.59	803 787 409
29.04.2021	2043.59	2081.94	2040.02	2050.69	1 252 459 451
28.04.2021	2000.40	2033.79	2000.18	2029.64	989 451 771
27.04.2021	2006.17	2013.57	1996.40	1998.92	686 904 803
26.04.2021	1994.54	2005.10	1978.87	2005.10	641 538 992
23.04.2021	1990.18	1990.80	1961.71	1986.63	826 876 781
22.04.2021	1986.54	2004.64	1986.54	1989.73	643 032 560
21.04.2021	1987.94	1988.36	1968.98	1982.40	833 046 141
20.04.2021	2001.93	2013.61	1983.45	1987.76	775 129 282
19.04.2021	2016.04	2039.72	1994.85	1998.99	808 940 100
16.04.2021	2019.50	2026.55	2001.71	2012.27	943 512 384
15.04.2021	2015.11	2024.65	2002.04	2019.29	787 369 253
14.04.2021	1986.19	2011.96	1986.19	2011.96	734 750 687
13.04.2021	1983.40	1991.19	1967.70	1974.73	634 646 421
12.04.2021	1975.05	1983.85	1961.61	1982.58	807 421 587
09.04.2021	1981.23	1987.55	1964.05	1975.11	1 190 796 256
08.04.2021	2004.55	2006.99	1971.26	1980.32	904 354 042
07.04.2021	2012.08	2012.08	1990.15	1998.73	790 612 310
06.04.2021	1965.18	2012.87	1965.18	2012.87	958 885 808
01.04.2021	1942.53	1959.19	1937.14	1954.38	800 798 607
31.03.2021	1949.00	1954.40	1927.77	1938.84	1 535 968 528
30.03.2021	1963.34	1969.48	1935.90	1942.32	1 008 438 185
29.03.2021	1922.29	1955.75	1922.29	1953.02	1 202 028 832
26.03.2021	1891.11	1925.48	1887.67	1918.71	854 327 412
25.03.2021	1901.84	1911.57	1868.06	1876.85	1 182 114 995
24.03.2021	1910.28	1910.73	1888.36	1899.95	1 006 611 364
23.03.2021	1933.56	1934.37	1905.90	1923.55	929 941 757
22.03.2021	1921.50	1949.37	1921.50	1929.12	1 602 901 042
19.03.2021	1950.51	1954.88	1925.51	1927.56	1 980 877 078
18.03.2021	1941.91	1966.90	1938.05	1960.75	1 147 011 790
17.03.2021	1976.47	1976.47	1912.98	1939.01	2 556 323 537
16.03.2021	2005.15	2012.84	1977.17	1981.41	739 539 334
15.03.2021	2012.38	2029.17	1997.76	2001.24	673 388 600
12.03.2021	1993.99	2012.91	1983.11	2006.11	851 744 823
11.03.2021	2012.36	2020.76	1983.64	1994.38	1 028 873 787
10.03.2021	1997.63	2017.62	1997.63	2003.55	1 132 354 091
09.03.2021	1966.81	2010.33	1962.85	1994.18	1 312 713 804
08.03.2021	1950.85	1968.14	1944.49	1965.25	1 020 057 836
05.03.2021	1940.32	1952.97	1927.59	1939.59	1 111 872 418
04.03.2021	1935.36	1951.02	1914.50	1944.86	1 055 394 925
03.03.2021	1963.17	1989.78	1936.22	1943.24	1 029 309 733
02.03.2021	1947.45	1969.69	1938.13	1959.52	1 030 733 371
01.03.2021	1925.94	1950.47	1917.58	1949.57	1 038 559 261
26.02.2021	1912.25	1928.90	1888.55	1907.28	1 726 638 382
25.02.2021	1955.61	1967.63	1936.13	1936.47	1 147 738 264
24.02.2021	1926.18	1954.22	1924.64	1937.90	848 395 134
23.02.2021	1969.01	1976.38	1895.02	1922.59	1 035 637 208
22.02.2021	1978.70	1978.70	1958.36	1961.62	810 656 361
19.02.2021	1985.99	1998.69	1971.80	1985.31	1 151 122 560
18.02.2021	1990.16	2020.46	1978.88	1980.77	1 137 448 673
17.02.2021	2005.98	2008.20	1980.26	1986.80	1 244 045 418
16.02.2021	1977.89	2022.16	1976.58	2004.54	1 094 577 993
15.02.2021	1946.97	1980.77	1946.97	1974.82	668 685 678
12.02.2021	1951.43	1953.69	1919.72	1937.07	581 879 895
11.02.2021	1922.62	1961.69	1922.62	1954.92	811 394 599
10.02.2021	1947.63	1954.36	1910.15	1917.54	803 819 692
09.02.2021	1954.67	1958.14	1935.49	1941.60	978 686 012
08.02.2021	1970.16	1975.67	1948.48	1952.10	836 228 487
05.02.2021	1937.72	1971.28	1934.96	1957.73	655 716 564
04.02.2021	1945.60	1961.12	1924.95	1927.02	712 280 107
03.02.2021	1961.77	1973.74	1934.98	1940.69	949 794 673
02.02.2021	1973.17	1981.43	1942.60	1954.02	1 167 384 673
01.02.2021	1960.96	1975.94	1945.82	1967.72	1 080 055 670
29.01.2021	1965.76	1985.52	1938.85	1948.01	2 003 743 063
28.01.2021	1913.71	1992.75	1885.24	1987.83	3 264 246 389
27.01.2021	1981.07	1998.12	1916.09	1929.21	3 035 616 163
26.01.2021	1936.78	1988.24	1932.69	1981.98	1 671 768 995
25.01.2021	1961.37	1966.76	1927.45	1945.78	1 096 305 502
22.01.2021	1945.01	1965.14	1934.61	1952.67	855 826 325
21.01.2021	1997.58	2007.64	1948.97	1953.49	902 568 165
20.01.2021	1983.49	1998.43	1960.82	1986.09	1 024 986 561
19.01.2021	2034.26	2047.11	1980.12	1980.12	993 862 981
18.01.2021	1985.59	2023.74	1970.06	2023.74	881 538 156
15.01.2021	2026.35	2031.08	1969.41	1985.68	1 064 839 488
14.01.2021	2023.83	2037.57	2019.66	2031.71	987 602 594
13.01.2021	2050.24	2058.87	2009.42	2023.36	962 448 700
12.01.2021	2073.81	2086.11	2026.96	2043.73	864 182 259
11.01.2021	2067.33	2100.33	2043.05	2066.97	1 110 280 916
08.01.2021	2080.50	2095.67	2060.20	2072.74	1 567 942 399
07.01.2021	2040.48	2074.11	2028.43	2074.11	1 476 382 338
05.01.2021	2004.64	2031.72	1994.13	2009.12	965 053 684
04.01.2021	1994.28	2020.04	1991.46	2008.75	943 309 946
30.12.2020	2019.48	2019.48	1982.15	1983.98	874 537 698
29.12.2020	2015.02	2033.03	2002.58	2016.01	726 591 350
28.12.2020	1969.45	2005.62	1969.45	2004.41	831 433 687
23.12.2020	1934.03	1958.16	1927.07	1955.84	815 034 053
22.12.2020	1896.48	1931.66	1896.29	1928.40	909 729 456
21.12.2020	1929.14	1935.22	1851.23	1888.80	1 603 197 342
18.12.2020	1981.62	1983.94	1947.14	1952.54	3 391 994 969
17.12.2020	1997.91	2014.44	1949.99	1975.76	1 565 007 992
16.12.2020	1963.84	1996.40	1963.84	1985.26	1 224 179 678
15.12.2020	1938.79	1963.56	1933.23	1955.69	1 571 134 295
14.12.2020	1956.48	1961.77	1916.03	1939.07	2 262 450 626
11.12.2020	1985.51	1992.09	1927.53	1950.85	2 219 254 676
10.12.2020	1995.63	2008.96	1975.26	1984.00	1 692 158 164
09.12.2020	1976.65	2023.91	1976.65	1994.12	1 980 140 731
08.12.2020	1941.14	1970.27	1933.68	1970.27	1 630 780 997
07.12.2020	1949.61	1965.92	1926.87	1958.53	1 578 995 312
04.12.2020	1894.40	1952.28	1894.35	1947.68	1 016 171 979
03.12.2020	1900.94	1903.32	1880.22	1890.11	922 950 942
02.12.2020	1855.33	1899.37	1845.44	1897.97	958 602 050
01.12.2020	1844.33	1871.17	1844.33	1853.38	1 052 308 800
30.11.2020	1845.96	1851.37	1817.83	1830.04	2 582 081 096
27.11.2020	1846.73	1853.78	1834.69	1852.69	775 017 622
26.11.2020	1865.67	1873.96	1844.11	1849.57	790 469 017
25.11.2020	1866.15	1866.15	1840.63	1860.15	1 089 298 235
24.11.2020	1841.11	1861.39	1831.12	1859.42	969 750 108
23.11.2020	1835.53	1860.73	1823.32	1832.04	980 120 386
20.11.2020	1788.48	1821.30	1780.11	1820.85	888 976 465
19.11.2020	1803.49	1806.98	1782.02	1789.79	889 841 254
18.11.2020	1792.17	1812.80	1787.08	1810.43	963 765 007
17.11.2020	1797.57	1801.73	1775.91	1793.56	1 354 565 657
16.11.2020	1764.10	1799.36	1764.10	1799.02	1 319 682 323
13.11.2020	1768.19	1768.51	1743.81	1749.41	939 623 938
12.11.2020	1777.24	1791.08	1761.91	1771.49	1 762 096 117
10.11.2020	1768.90	1794.79	1741.62	1779.34	1 931 402 911
09.11.2020	1707.52	1788.27	1697.78	1765.71	2 159 000 140
06.11.2020	1665.72	1702.98	1654.60	1697.49	1 195 515 323
05.11.2020	1654.61	1678.40	1649.07	1670.43	1 011 422 855
04.11.2020	1622.29	1641.78	1590.72	1640.94	1 144 208 694
03.11.2020	1564.86	1636.90	1564.75	1636.28	1 231 833 812
02.11.2020	1526.20	1563.93	1526.20	1556.14	952 261 567
30.10.2020	1528.78	1535.27	1496.76	1515.97	1 050 544 529
29.10.2020	1557.47	1567.72	1529.15	1542.76	1 136 521 997
28.10.2020	1605.43	1610.05	1534.87	1549.74	1 695 042 034
27.10.2020	1635.42	1653.11	1612.59	1625.54	1 164 302 116
26.10.2020	1635.49	1645.46	1627.61	1631.66	798 876 072
23.10.2020	1643.34	1661.16	1638.76	1645.32	3 770 087 965
22.10.2020	1634.69	1664.37	1627.13	1642.70	1 098 767 291
21.10.2020	1656.97	1663.23	1634.28	1641.42	943 773 640
20.10.2020	1647.95	1667.16	1638.20	1656.34	912 143 440
19.10.2020	1663.75	1681.74	1640.82	1648.11	804 167 659
16.10.2020	1635.02	1665.80	1635.02	1655.36	2 052 531 546
15.10.2020	1660.64	1660.64	1625.10	1627.59	1 368 480 842
14.10.2020	1658.04	1691.64	1657.90	1670.26	1 006 624 256
13.10.2020	1685.25	1685.25	1659.10	1660.12	789 204 275
12.10.2020	1701.76	1707.30	1681.87	1683.21	744 367 310
09.10.2020	1718.45	1718.45	1679.01	1698.91	677 524 731
08.10.2020	1742.29	1746.68	1711.56	1719.91	680 947 185
07.10.2020	1736.62	1741.18	1715.75	1736.61	777 612 205
06.10.2020	1739.86	1749.28	1733.17	1735.45	945 936 421
05.10.2020	1710.14	1739.17	1710.14	1731.85	706 659 366
02.10.2020	1690.04	1704.58	1675.20	1697.39	776 112 079
01.10.2020	1719.55	1723.85	1687.54	1694.18	867 018 138
30.09.2020	1713.01	1719.15	1700.49	1712.73	724 052 549
29.09.2020	1737.48	1737.48	1718.21	1718.21	573 031 658
28.09.2020	1686.57	1738.44	1686.57	1738.44	820 143 809
25.09.2020	1666.65	1678.51	1658.33	1674.14	790 994 057
24.09.2020	1677.73	1679.59	1657.57	1665.96	752 063 974
23.09.2020	1701.26	1712.27	1684.92	1685.40	696 355 873
22.09.2020	1689.60	1704.40	1682.55	1693.09	1 014 068 383
21.09.2020	1724.89	1753.50	1682.26	1682.26	1 458 025 952
18.09.2020	1745.91	1751.25	1729.30	1731.76	1 250 274 249
17.09.2020	1736.81	1745.87	1714.95	1745.73	774 674 751
16.09.2020	1746.94	1750.73	1731.28	1738.10	659 609 895
15.09.2020	1760.55	1764.38	1737.55	1743.93	697 533 509
14.09.2020	1783.55	1787.90	1757.93	1758.65	695 237 533
11.09.2020	1767.42	1777.91	1764.66	1772.89	599 035 974
10.09.2020	1776.48	1783.39	1751.06	1764.86	624 296 917
09.09.2020	1735.58	1775.98	1735.58	1773.37	712 546 371
08.09.2020	1778.86	1781.04	1720.07	1733.88	826 121 603
07.09.2020	1765.37	1780.44	1761.96	1772.85	381 115 344
04.09.2020	1754.65	1773.65	1743.89	1758.11	756 958 676
03.09.2020	1787.62	1805.22	1764.04	1769.19	618 934 332
02.09.2020	1777.15	1796.80	1777.15	1785.44	599 008 369
01.09.2020	1803.77	1807.77	1768.12	1772.61	726 465 964
31.08.2020	1832.66	1839.06	1793.96	1800.21	855 669 267
28.08.2020	1842.36	1850.46	1826.96	1829.79	506 327 516
27.08.2020	1846.42	1854.84	1833.90	1846.50	587 719 425
26.08.2020	1817.91	1848.77	1815.16	1848.35	449 947 137
25.08.2020	1847.98	1858.14	1820.34	1821.29	463 832 625
24.08.2020	1830.14	1843.75	1827.39	1841.46	371 222 058
21.08.2020	1824.52	1831.28	1813.79	1820.60	408 109 211
20.08.2020	1829.52	1829.52	1811.88	1815.03	428 777 336
19.08.2020	1838.62	1847.84	1831.01	1833.22	470 943 238
18.08.2020	1859.11	1859.11	1837.20	1840.33	583 968 063
17.08.2020	1856.46	1865.94	1844.30	1862.12	444 187 059
14.08.2020	1857.47	1857.47	1840.77	1856.56	326 081 689
13.08.2020	1856.65	1881.46	1854.78	1858.35	506 631 206
12.08.2020	1848.54	1856.84	1839.14	1855.86	573 473 017
11.08.2020	1830.21	1857.95	1822.13	1847.73	616 141 062
10.08.2020	1822.48	1832.65	1812.95	1823.15	465 672 295
07.08.2020	1818.62	1824.29	1809.07	1817.23	561 545 917
06.08.2020	1834.67	1841.68	1810.63	1818.64	641 522 119
05.08.2020	1819.96	1844.20	1819.96	1833.20	777 193 824
04.08.2020	1813.70	1831.17	1804.30	1811.46	732 815 699
03.08.2020	1769.31	1815.50	1768.56	1804.38	760 606 410
31.07.2020	1767.31	1793.13	1765.42	1767.54	724 002 244
30.07.2020	1827.17	1827.17	1762.74	1763.22	884 297 530
29.07.2020	1819.40	1828.24	1804.21	1824.53	722 398 035
28.07.2020	1831.03	1841.46	1806.06	1823.52	742 836 057
27.07.2020	1811.40	1833.80	1805.84	1830.87	797 252 727
24.07.2020	1809.50	1810.65	1790.53	1810.33	609 986 455
23.07.2020	1837.64	1842.84	1817.78	1820.25	639 957 312
22.07.2020	1844.74	1847.00	1830.61	1830.61	641 158 298
21.07.2020	1852.56	1884.22	1840.87	1845.34	1 100 102 179
20.07.2020	1795.09	1840.60	1789.04	1840.60	683 356 799
17.07.2020	1800.70	1800.70	1785.44	1796.04	559 359 064
16.07.2020	1791.04	1799.18	1780.17	1799.08	570 935 520
15.07.2020	1783.18	1798.58	1779.98	1794.78	952 959 565
14.07.2020	1797.85	1798.40	1763.64	1771.70	1 036 650 850
13.07.2020	1806.55	1814.47	1799.91	1801.64	668 778 440
10.07.2020	1781.84	1797.27	1772.50	1797.27	563 829 967
09.07.2020	1791.68	1802.31	1789.08	1791.68	730 941 174
08.07.2020	1797.88	1797.88	1780.87	1788.22	535 684 924
07.07.2020	1816.46	1816.46	1794.61	1800.93	539 056 777
06.07.2020	1820.81	1833.77	1808.34	1818.55	503 936 412
03.07.2020	1811.07	1812.22	1796.23	1800.96	312 271 918
02.07.2020	1778.45	1809.74	1778.45	1804.01	890 092 656
01.07.2020	1760.72	1774.79	1739.93	1772.38	669 824 110
30.06.2020	1770.24	1777.07	1754.41	1758.82	780 297 465
29.06.2020	1758.46	1771.21	1750.91	1769.47	570 243 304
26.06.2020	1799.33	1800.49	1759.37	1759.43	718 289 782
25.06.2020	1781.84	1798.80	1759.21	1793.36	747 868 146
24.06.2020	1830.39	1836.89	1784.23	1784.23	621 771 270
23.06.2020	1807.10	1847.33	1806.21	1825.99	796 520 775
22.06.2020	1805.25	1807.19	1786.99	1797.05	823 585 753
19.06.2020	1791.68	1809.23	1791.68	1807.85	1 857 330 828
18.06.2020	1787.90	1804.13	1780.45	1795.86	899 893 125
17.06.2020	1807.91	1812.65	1780.94	1787.81	869 868 541
16.06.2020	1765.17	1811.70	1765.17	1798.00	995 981 672
15.06.2020	1767.35	1767.35	1735.27	1741.47	1 155 632 354
12.06.2020	1792.35	1812.33	1754.16	1788.83	1 286 426 926
10.06.2020	1840.10	1846.29	1817.06	1841.18	1 041 204 570
09.06.2020	1848.11	1856.66	1811.96	1835.59	1 175 407 397
08.06.2020	1842.22	1852.69	1813.02	1841.25	1 295 778 233
05.06.2020	1794.38	1847.95	1794.38	1842.47	1 587 041 457
04.06.2020	1765.60	1786.58	1755.73	1786.58	1 177 429 852
03.06.2020	1741.91	1780.86	1741.36	1766.85	1 243 404 166
02.06.2020	1735.86	1739.48	1722.50	1736.36	1 044 488 094
01.06.2020	1733.13	1749.58	1722.77	1733.52	636 728 868
29.05.2020	1718.19	1722.65	1699.32	1722.65	2 075 673 864
28.05.2020	1722.43	1757.78	1694.60	1718.45	1 562 464 983
27.05.2020	1713.73	1763.02	1705.09	1707.59	1 601 081 419
26.05.2020	1657.26	1712.64	1657.26	1709.71	1 065 570 059
25.05.2020	1639.26	1650.39	1634.34	1644.74	241 185 386
22.05.2020	1632.27	1635.98	1617.76	1630.44	492 058 338
21.05.2020	1651.03	1653.92	1636.24	1637.84	625 363 901
20.05.2020	1640.26	1662.20	1634.44	1652.64	625 964 251
19.05.2020	1651.08	1658.34	1629.29	1640.18	653 496 800
18.05.2020	1585.92	1639.08	1585.92	1639.08	833 830 221
15.05.2020	1585.51	1597.04	1568.38	1572.55	540 745 649
14.05.2020	1605.68	1605.68	1559.52	1579.16	729 635 553
13.05.2020	1615.90	1634.77	1607.00	1614.32	718 174 337
12.05.2020	1589.69	1624.52	1584.01	1622.51	766 606 752
11.05.2020	1614.21	1619.36	1581.50	1587.31	489 820 070
08.05.2020	1600.54	1614.18	1599.51	1606.50	414 709 604
07.05.2020	1572.16	1602.76	1559.06	1587.35	533 008 729
06.05.2020	1604.60	1606.44	1565.07	1567.98	854 824 839
05.05.2020	1609.04	1616.34	1591.58	1598.84	574 679 393
04.05.2020	1630.24	1630.24	1597.70	1600.65	641 936 326
30.04.2020	1661.23	1682.13	1636.35	1648.68	1 191 256 388
29.04.2020	1601.65	1656.40	1600.78	1651.33	1 031 813 951
28.04.2020	1590.34	1622.80	1579.94	1594.25	912 009 466
27.04.2020	1614.29	1624.69	1580.48	1591.97	838 137 202
24.04.2020	1617.91	1627.49	1601.91	1601.91	692 371 704
23.04.2020	1609.41	1626.82	1589.64	1626.10	753 019 391
22.04.2020	1574.07	1609.82	1554.34	1605.12	722 471 671
21.04.2020	1631.40	1631.40	1572.05	1573.44	668 121 269
20.04.2020	1629.69	1643.87	1604.98	1640.06	680 650 259
17.04.2020	1618.42	1633.53	1612.01	1625.59	870 843 253
16.04.2020	1610.81	1617.55	1589.83	1597.90	977 493 387
15.04.2020	1669.23	1673.58	1602.31	1606.21	1 302 864 528
14.04.2020	1631.50	1664.53	1625.89	1662.40	1 138 186 572
09.04.2020	1596.79	1619.77	1579.72	1615.72	1 136 275 771
08.04.2020	1602.33	1619.63	1567.84	1579.18	1 144 416 733
07.04.2020	1602.14	1655.29	1602.14	1603.50	1 298 878 657
06.04.2020	1534.81	1585.04	1534.81	1581.05	881 784 812
03.04.2020	1492.10	1509.07	1474.44	1506.48	1 170 981 299
02.04.2020	1490.41	1501.33	1464.86	1491.55	924 591 331
01.04.2020	1495.43	1500.43	1473.64	1482.42	675 231 673
31.03.2020	1486.89	1523.49	1484.33	1512.84	886 078 942
30.03.2020	1482.10	1484.62	1443.16	1477.65	551 156 270
27.03.2020	1494.31	1499.62	1465.48	1475.90	618 275 120
26.03.2020	1431.53	1492.87	1410.91	1492.01	673 709 784
25.03.2020	1487.75	1505.79	1413.22	1441.83	775 056 423
24.03.2020	1449.34	1473.02	1424.14	1451.02	758 806 776
23.03.2020	1461.22	1463.93	1400.71	1405.45	746 669 550
20.03.2020	1502.14	1547.74	1476.65	1488.42	1 646 413 433
19.03.2020	1406.71	1469.43	1386.83	1469.43	973 677 982
18.03.2020	1425.27	1465.58	1376.75	1401.29	1 217 761 180
17.03.2020	1370.79	1446.74	1355.07	1429.28	1 440 955 996
16.03.2020	1342.40	1356.01	1248.77	1341.54	1 214 741 515
13.03.2020	1334.37	1442.72	1315.96	1365.97	1 460 591 337
12.03.2020	1450.71	1450.71	1305.73	1305.73	1 059 641 378
11.03.2020	1607.30	1616.03	1495.87	1505.64	921 019 691
10.03.2020	1643.34	1657.09	1594.07	1599.48	876 925 091
09.03.2020	1685.28	1697.38	1609.08	1625.99	1 005 973 614
06.03.2020	1808.36	1808.36	1749.70	1764.81	796 291 040
05.03.2020	1879.11	1893.88	1822.76	1822.85	642 011 484
04.03.2020	1882.71	1894.23	1857.90	1860.95	706 282 116
03.03.2020	1827.36	1906.87	1827.36	1889.67	1 073 651 252
02.03.2020	1807.25	1840.57	1765.43	1807.70	1 024 239 907
28.02.2020	1817.79	1817.79	1735.37	1768.91	1 614 051 825
27.02.2020	1926.15	1927.44	1833.92	1850.61	798 112 624
26.02.2020	1942.66	1957.64	1906.06	1933.51	905 208 297
25.02.2020	2000.65	2007.34	1945.71	1945.71	904 842 842
24.02.2020	2070.66	2070.66	1997.84	2000.90	737 255 711
21.02.2020	2095.80	2106.18	2084.55	2088.53	474 749 634
20.02.2020	2115.39	2116.08	2098.12	2099.88	518 067 310
19.02.2020	2116.32	2122.67	2097.07	2115.18	641 707 096
18.02.2020	2112.15	2118.48	2103.76	2113.49	392 471 240
17.02.2020	2125.14	2131.60	2117.45	2121.14	308 296 177
14.02.2020	2126.64	2131.28	2111.22	2115.29	556 832 900
13.02.2020	2125.22	2125.22	2096.14	2120.07	473 929 560
12.02.2020	2120.01	2132.78	2115.92	2126.31	738 063 747
11.02.2020	2099.20	2114.89	2094.39	2107.40	666 668 530
10.02.2020	2108.67	2112.78	2087.72	2092.89	514 253 763
07.02.2020	2107.43	2110.20	2092.36	2110.20	547 291 491
06.02.2020	2128.24	2138.87	2105.59	2111.76	752 924 528
05.02.2020	2106.64	2133.91	2102.45	2122.91	906 572 677
04.02.2020	2082.19	2115.25	2081.81	2106.63	1 094 965 279
03.02.2020	2062.33	2077.58	2050.91	2072.88	804 240 447
31.01.2020	2085.41	2087.93	2052.68	2065.90	1 072 230 874
30.01.2020	2078.74	2093.68	2064.09	2079.98	774 129 726
29.01.2020	2099.30	2114.31	2090.41	2098.18	823 801 855
28.01.2020	2089.16	2105.76	2083.54	2098.04	680 539 218
27.01.2020	2141.68	2141.68	2083.69	2083.79	662 253 915
24.01.2020	2150.57	2166.31	2150.57	2154.28	541 357 732
23.01.2020	2144.56	2159.55	2141.62	2148.41	718 881 599
22.01.2020	2168.44	2172.76	2144.68	2146.56	662 729 812
21.01.2020	2174.93	2174.93	2152.62	2158.04	613 739 981
20.01.2020	2178.31	2183.84	2173.92	2178.06	543 128 588
17.01.2020	2172.14	2181.62	2147.94	2175.95	1 197 963 427
16.01.2020	2170.39	2179.43	2163.83	2173.74	639 587 693
15.01.2020	2180.55	2183.85	2158.36	2165.08	828 553 014
14.01.2020	2194.88	2194.88	2174.44	2182.96	1 120 481 907
13.01.2020	2170.86	2194.42	2167.33	2194.42	821 814 195
10.01.2020	2161.60	2167.91	2150.83	2167.91	677 101 892
09.01.2020	2132.02	2157.61	2132.02	2157.61	767 893 106
08.01.2020	2140.29	2140.29	2114.24	2115.99	612 442 394
07.01.2020	2171.72	2176.80	2143.11	2145.01	620 769 106
03.01.2020	2192.31	2192.31	2159.03	2173.97	576 625 284
02.01.2020	2161.55	2200.57	2161.42	2200.10	603 138 950
30.12.2019	2151.48	2160.23	2147.58	2150.09	326 020 558
27.12.2019	2145.77	2167.47	2145.77	2151.74	334 203 953
23.12.2019	2128.71	2142.91	2124.87	2142.54	378 421 721
20.12.2019	2131.61	2138.37	2123.99	2128.04	1 249 668 579
19.12.2019	2132.53	2134.36	2123.81	2133.72	614 880 596
18.12.2019	2137.70	2137.70	2112.21	2131.85	818 756 932
17.12.2019	2115.87	2139.47	2114.19	2132.25	837 819 284
16.12.2019	2107.39	2120.23	2104.16	2112.93	537 540 971
13.12.2019	2112.27	2123.34	2103.58	2106.51	622 567 894
12.12.2019	2056.35	2102.19	2055.54	2102.19	760 280 953
11.12.2019	2056.17	2064.50	2034.48	2047.34	600 516 350
10.12.2019	2066.43	2070.22	2040.78	2054.11	574 342 159
09.12.2019	2073.42	2073.42	2051.04	2066.55	566 711 156
06.12.2019	2087.82	2088.62	2055.68	2073.11	899 215 806
05.12.2019	2088.00	2103.69	2078.98	2092.12	631 169 899
04.12.2019	2093.25	2113.13	2078.10	2081.89	685 090 038
03.12.2019	2122.97	2123.47	2088.77	2089.92	718 586 163
02.12.2019	2163.48	2168.85	2121.16	2122.30	758 314 194
29.11.2019	2164.72	2170.47	2154.94	2158.94	607 020 124
28.11.2019	2178.33	2178.33	2159.90	2169.09	412 855 282
27.11.2019	2192.17	2196.50	2175.07	2181.33	483 228 693
26.11.2019	2199.69	2199.69	2177.73	2190.58	1 775 807 155
25.11.2019	2191.79	2204.09	2191.79	2197.54	495 143 892
22.11.2019	2179.44	2198.56	2176.33	2188.24	568 820 435
21.11.2019	2192.19	2192.19	2164.04	2179.53	602 380 339
20.11.2019	2204.41	2204.41	2175.68	2194.58	616 882 973
19.11.2019	2230.15	2232.47	2201.64	2207.25	571 412 039
18.11.2019	2239.37	2244.64	2220.25	2229.92	453 748 559
15.11.2019	2225.99	2238.11	2225.77	2233.87	473 665 167
14.11.2019	2235.67	2245.84	2223.56	2226.15	711 414 067
13.11.2019	2250.07	2250.31	2228.03	2235.52	724 651 493
12.11.2019	2259.75	2266.23	2245.40	2248.81	845 211 531
08.11.2019	2269.51	2269.51	2252.85	2255.46	783 896 867
07.11.2019	2260.78	2277.18	2260.78	2272.17	750 716 812
06.11.2019	2267.95	2269.98	2255.34	2255.34	544 940 065
05.11.2019	2263.60	2279.64	2257.69	2272.45	700 142 556
04.11.2019	2208.61	2264.06	2208.61	2264.06	917 551 532
31.10.2019	2235.68	2236.95	2188.99	2194.10	826 756 404
30.10.2019	2227.02	2230.72	2219.18	2227.38	555 287 550
29.10.2019	2210.54	2228.28	2203.17	2227.93	723 698 026
28.10.2019	2175.30	2215.02	2175.30	2211.80	459 924 122
25.10.2019	2206.68	2206.68	2172.44	2175.27	740 727 561
24.10.2019	2206.18	2216.33	2195.82	2208.36	766 310 736
23.10.2019	2206.89	2209.58	2198.75	2208.54	508 632 685
22.10.2019	2184.00	2212.19	2177.25	2212.15	641 272 916
21.10.2019	2164.82	2184.64	2160.39	2183.25	484 139 362
18.10.2019	2167.19	2168.49	2149.61	2164.75	539 705 483
17.10.2019	2160.43	2181.94	2154.17	2173.75	572 214 542
16.10.2019	2153.26	2167.10	2151.57	2156.06	650 854 778
15.10.2019	2156.95	2161.73	2146.79	2154.80	536 681 461
14.10.2019	2162.23	2163.42	2143.33	2148.53	515 065 777
11.10.2019	2126.11	2160.85	2125.66	2159.91	500 189 906
10.10.2019	2134.52	2136.96	2113.87	2122.99	555 207 294
09.10.2019	2136.45	2142.51	2126.60	2134.37	460 496 332
08.10.2019	2121.85	2135.75	2113.93	2131.83	600 869 588
07.10.2019	2126.90	2126.90	2110.11	2121.87	381 182 031
04.10.2019	2101.64	2124.78	2101.64	2121.16	586 113 584
03.10.2019	2091.15	2129.53	2076.45	2099.30	793 252 012
02.10.2019	2148.62	2148.62	2098.28	2098.28	726 232 131
01.10.2019	2175.98	2175.98	2148.55	2152.50	552 064 118
30.09.2019	2188.31	2188.77	2162.20	2173.29	495 648 785
27.09.2019	2175.46	2190.53	2170.54	2186.31	397 553 342
26.09.2019	2161.97	2177.07	2159.78	2172.47	546 523 442
25.09.2019	2170.22	2170.22	2144.63	2159.68	560 001 863
24.09.2019	2153.62	2183.13	2150.85	2175.24	624 779 820
23.09.2019	2167.32	2171.39	2139.34	2147.32	621 894 980
20.09.2019	2190.00	2198.29	2164.13	2171.75	1 366 145 054
19.09.2019	2200.07	2200.07	2184.93	2191.61	525 757 989
18.09.2019	2192.83	2206.80	2186.03	2205.02	653 091 010
17.09.2019	2212.71	2214.48	2184.90	2192.71	761 903 053
16.09.2019	2198.63	2217.84	2188.30	2217.84	855 719 146
13.09.2019	2188.73	2210.70	2187.43	2200.95	512 666 778
12.09.2019	2191.97	2205.99	2174.51	2189.07	727 806 909
11.09.2019	2186.08	2202.44	2179.00	2189.21	667 616 362
10.09.2019	2173.79	2189.02	2168.72	2187.80	864 256 411
09.09.2019	2124.96	2174.41	2124.96	2174.41	814 900 024
06.09.2019	2111.05	2129.97	2108.64	2122.60	571 578 446
05.09.2019	2111.47	2122.76	2088.88	2106.89	721 617 178
04.09.2019	2122.06	2136.41	2102.36	2102.73	873 614 642
03.09.2019	2140.74	2140.74	2097.66	2107.16	513 865 709
02.09.2019	2138.35	2147.13	2131.32	2144.48	369 047 634
30.08.2019	2072.65	2136.79	2069.86	2135.25	868 356 891
29.08.2019	2050.87	2075.40	2047.94	2069.33	635 026 669
28.08.2019	2098.88	2107.28	2044.86	2051.44	723 600 433
27.08.2019	2101.19	2107.00	2076.51	2095.45	1 499 581 981
26.08.2019	2092.33	2109.42	2077.82	2098.41	432 485 456
23.08.2019	2115.16	2128.10	2081.07	2103.68	520 318 336
22.08.2019	2108.88	2126.87	2097.00	2108.05	611 887 784
21.08.2019	2108.37	2129.57	2103.87	2105.88	506 529 202
20.08.2019	2104.97	2116.59	2087.21	2110.11	763 516 774
19.08.2019	2078.80	2110.19	2078.80	2102.23	557 488 248
16.08.2019	2085.34	2096.94	2055.70	2064.12	778 792 648
14.08.2019	2134.28	2134.48	2078.39	2078.39	727 263 291
13.08.2019	2095.17	2153.16	2085.61	2140.19	704 970 484
12.08.2019	2134.55	2140.84	2104.12	2109.73	446 212 717
09.08.2019	2165.34	2165.83	2119.89	2127.61	586 434 886
08.08.2019	2153.17	2169.27	2152.26	2158.88	682 780 490
07.08.2019	2163.21	2173.56	2124.85	2138.23	677 512 095
06.08.2019	2169.08	2182.20	2155.33	2156.23	806 472 176
05.08.2019	2211.89	2211.89	2164.06	2164.14	719 117 504
02.08.2019	2232.92	2233.03	2216.51	2216.51	647 375 947
01.08.2019	2273.24	2280.80	2236.98	2240.78	762 421 413
31.07.2019	2264.64	2285.25	2263.61	2277.37	864 165 937
30.07.2019	2273.72	2282.30	2263.92	2263.92	457 602 505
29.07.2019	2307.08	2309.53	2282.08	2285.93	341 710 300
26.07.2019	2311.51	2314.19	2299.39	2305.79	465 546 977
25.07.2019	2341.04	2344.39	2308.32	2310.31	595 921 591
24.07.2019	2336.68	2338.95	2327.66	2335.41	597 722 307
23.07.2019	2345.76	2348.43	2332.50	2335.86	644 296 018
22.07.2019	2345.61	2350.82	2335.30	2342.51	494 031 333
19.07.2019	2325.16	2348.86	2325.16	2344.03	980 323 623
18.07.2019	2300.65	2324.71	2291.66	2321.41	1 049 173 858
17.07.2019	2317.45	2320.49	2301.63	2306.67	794 801 973
16.07.2019	2326.49	2330.50	2317.18	2321.52	567 619 771
15.07.2019	2318.56	2334.10	2316.89	2324.21	486 784 764
12.07.2019	2323.61	2325.05	2314.42	2315.36	535 157 108
11.07.2019	2322.18	2338.33	2308.20	2316.95	598 836 121
10.07.2019	2312.32	2340.95	2305.66	2312.77	764 583 502
09.07.2019	2325.90	2327.02	2303.20	2312.63	679 278 477
08.07.2019	2337.67	2349.35	2326.33	2339.07	598 552 929
05.07.2019	2359.39	2359.39	2334.27	2342.01	516 459 102
04.07.2019	2350.47	2357.89	2338.90	2356.49	490 173 228
03.07.2019	2338.73	2349.15	2330.53	2345.56	670 327 785
02.07.2019	2334.60	2341.09	2310.49	2341.09	719 797 099
01.07.2019	2338.98	2363.21	2326.49	2329.74	527 728 125
28.06.2019	2332.63	2335.26	2323.55	2327.67	592 757 964
27.06.2019	2315.73	2347.62	2315.73	2335.13	682 904 344
26.06.2019	2308.98	2318.68	2300.51	2317.17	635 235 612
25.06.2019	2328.99	2328.99	2296.97	2303.31	692 376 390
24.06.2019	2315.79	2332.80	2311.55	2331.08	521 246 301
21.06.2019	2324.16	2343.66	2302.71	2308.32	1 697 240 274
19.06.2019	2326.56	2327.46	2316.84	2319.71	593 252 420
18.06.2019	2277.52	2325.16	2272.26	2325.16	949 164 975
17.06.2019	2286.57	2290.79	2269.87	2276.60	426 200 129
14.06.2019	2299.03	2299.09	2283.94	2286.46	620 163 186
13.06.2019	2282.72	2310.66	2277.12	2300.20	811 131 806
12.06.2019	2290.75	2292.41	2263.68	2282.80	769 784 258
11.06.2019	2283.90	2300.92	2275.67	2295.60	1 015 106 948
10.06.2019	2290.40	2296.33	2271.09	2282.51	651 731 298
07.06.2019	2260.52	2287.39	2260.52	2280.60	616 987 467
06.06.2019	2224.20	2272.07	2222.81	2260.94	995 862 145
05.06.2019	2237.23	2242.22	2219.94	2223.27	655 383 129
04.06.2019	2237.74	2242.52	2222.32	2233.75	675 309 033
03.06.2019	2239.12	2248.09	2227.89	2237.71	532 820 531
31.05.2019	2208.43	2239.31	2194.96	2239.31	816 765 699
30.05.2019	2190.88	2228.81	2190.88	2221.56	828 666 162
29.05.2019	2179.87	2187.54	2162.40	2187.45	838 578 545
28.05.2019	2191.17	2215.33	2184.70	2192.87	1 610 592 391
27.05.2019	2191.26	2199.30	2177.84	2189.66	250 189 340
24.05.2019	2178.44	2193.70	2175.03	2188.20	855 869 524
23.05.2019	2212.60	2212.60	2172.96	2173.09	698 577 274
22.05.2019	2193.78	2225.30	2181.14	2214.36	759 157 704
21.05.2019	2178.92	2191.28	2173.74	2190.93	611 346 953
20.05.2019	2186.97	2189.10	2159.78	2175.51	485 173 848
17.05.2019	2187.18	2187.18	2165.97	2184.35	590 167 685
16.05.2019	2174.10	2193.89	2162.46	2188.43	841 047 598
15.05.2019	2176.30	2181.49	2152.99	2169.18	592 822 700
14.05.2019	2184.39	2192.53	2162.40	2163.94	636 563 369
13.05.2019	2194.70	2199.90	2153.70	2172.97	496 177 845
10.05.2019	2191.75	2210.31	2184.33	2191.91	534 315 328
09.05.2019	2218.05	2227.52	2177.76	2179.40	611 380 818
08.05.2019	2236.63	2250.19	2217.31	2221.82	617 002 629
07.05.2019	2292.05	2293.95	2233.57	2233.80	586 540 613
06.05.2019	2301.78	2303.70	2278.96	2290.13	513 542 006
02.05.2019	2337.12	2337.12	2317.50	2319.08	439 360 955
30.04.2019	2357.54	2360.26	2323.73	2334.21	672 097 350
29.04.2019	2377.34	2378.36	2354.99	2368.08	421 735 278
26.04.2019	2354.41	2372.25	2352.05	2372.25	390 044 353
25.04.2019	2372.75	2372.75	2347.21	2358.76	557 253 032
24.04.2019	2371.11	2377.73	2357.21	2372.33	742 199 236
23.04.2019	2367.82	2374.48	2361.02	2370.63	363 503 904
18.04.2019	2375.24	2375.24	2352.73	2365.36	581 913 324
17.04.2019	2374.70	2396.84	2371.30	2378.31	910 709 115
16.04.2019	2361.43	2372.18	2357.56	2372.18	549 748 953
15.04.2019	2364.12	2372.85	2351.38	2358.19	393 433 594
12.04.2019	2381.56	2385.27	2364.83	2366.71	394 758 292
11.04.2019	2393.53	2396.50	2371.04	2374.97	491 242 295
10.04.2019	2368.97	2391.80	2366.48	2391.80	633 968 622
09.04.2019	2364.84	2377.22	2357.72	2367.84	527 806 964
08.04.2019	2356.50	2362.51	2349.48	2359.52	491 669 339
05.04.2019	2388.47	2408.44	2351.08	2351.08	662 608 045
04.04.2019	2404.61	2413.50	2386.49	2388.59	813 512 716
03.04.2019	2381.44	2408.37	2381.44	2407.63	807 792 092
02.04.2019	2342.08	2382.89	2342.08	2371.14	679 412 867
01.04.2019	2325.38	2347.72	2325.38	2340.74	522 593 492
29.03.2019	2318.66	2330.52	2304.77	2312.09	749 337 055
28.03.2019	2315.21	2325.26	2310.92	2313.77	394 891 501
27.03.2019	2326.64	2331.21	2312.75	2315.17	594 133 878
26.03.2019	2314.00	2325.05	2312.43	2324.91	366 357 337
25.03.2019	2314.98	2320.57	2304.66	2312.79	430 714 500
22.03.2019	2358.11	2361.06	2319.10	2319.10	547 750 862
21.03.2019	2352.81	2359.36	2344.94	2359.02	500 573 690
20.03.2019	2353.10	2357.16	2344.13	2351.83	516 473 761
19.03.2019	2346.73	2365.96	2346.73	2352.42	585 304 129
18.03.2019	2351.02	2358.84	2342.69	2345.84	568 375 059
15.03.2019	2323.39	2360.92	2317.73	2346.25	1 879 254 068
14.03.2019	2319.32	2323.52	2310.25	2319.28	475 924 929
