0
0
0
0
0
0
0
0
0
0
0
0
0
0
0
0
0
0
0
0
0
0
0
0
0
0
-0.376385
-1.04894
-1.31362
-1.65506
-2.08084
-2.30264
-2.62657
-3.1723
-3.83525
-4.26171
-4.55346
-4.74342
-4.85649
-4.85695
-4.97021
-5.08201
-5.08739
-5.40297
-5.45454
-5.52843
-5.00952
-4.48925
-4.28986
-3.74198
-3.02784
-2.38053
-1.58991
-1.17091
-0.803407
-0.253798
0.45269
1.57821
2.69824
3.37169
3.64143
3.90937
3.85532
3.92247
4.24632
4.48036
4.71497
4.7888
4.12803
3.78141
3.61877
3.65244
3.53165
3.26874
3.28331
3.17992
2.86836
2.62659
2.20657
1.97743
1.47455
0.107245
-0.604322
-1.27748
-1.84325
-2.19018
-1.86316
-1.18061
-0.39139
0.4514
0.115493
0.319289
0.722858
0.831495
0.94965
0.541286
0.302879
0.162606
-0.0318948
-0.654299
-0.849096
-1.42724
-1.86141
-1.86161
-1.93949
-1.57852
-1.12465
-0.768876
-0.856957
-1.26826
-1.20544
-0.474577
0.351519
0.879226
1.40606
2.04223
2.62265
3.24378
3.42561
3.21015
3.13761
3.36014
3.41414
4.19687
4.07513
3.61106
3.30094
2.92767
2.60792
2.48235
2.21743
2.15243
2.40393
2.73974
3.46892
3.75123
3.64729
3.67807
4.12133
4.63594
5.02985
5.10755
5.09478
4.94375
4.44003
3.98211
3.09669
2.23279
1.6259
1.1436
0.85449
-0.0751469
-0.773272
-1.2445
-2.07198
-2.76368
-3.71712
-4.25773
-4.5441
-4.50724
-4.61198
-4.7646
-5.20512
-5.21877
-5.19208
-5.3507
-5.35403
-5.25561
-4.90048
-4.49527
-4.43392
-4.48427
-4.69802
-4.98328
-4.86478
-4.76832
-4.28805
-3.79897
-3.65004
-3.7181
-3.62534
-3.96218
-4.2873
-3.98284
-3.87984
-3.74905
-3.05382
-2.02798
-0.692095
0.324347
0.928893
1.38656
2.28965
2.75625
3.19096
3.63791
3.33616
2.80462
2.36028
2.1125
1.27268
0.491346
0.135986
0.683614
0.782936
0.834089
0.457976
0.490764
1.14117
1.48958
2.30767
2.84076
3.97011
4.37068
4.55828
4.61868
4.99644
4.64924
4.30473
4.67409
4.71952
4.95716
5.20468
5.18254
4.8507
4.34237
4.46609
4.21144
3.76278
3.63829
3.87257
3.92612
4.08615
4.41129
4.16436
3.98521
4.02928
4.19847
3.95952
3.63021
3.25006
2.57908
1.79771
0.861849
-0.0873027
-1.21395
-2.20429
-3.3075
-4.50593
-5.09123
-5.18976
-4.78738
-4.9031
-4.71792
-4.13098
-3.34755
-2.55674
-2.15001
-1.55939
-1.03074
-0.643266
-0.488384
-0.024464
0.593723
1.16674
2.02745
2.68103
2.75413
2.67402
2.87521
3.40296
3.59723
3.39269
3.28154
3.20085
3.22098
3.05096
2.88531
2.28322
0.718636
-0.399248
-1.23086
-1.74859
-2.15072
-2.27494
-2.12748
-1.69719
-1.09415
-0.790583
-0.202321
0.232132
0.405339
0.790762
1.08144
1.53274
2.26749
3.05254
3.25296
3.39659
3.48318
3.4478
3.494
3.09495
2.68635
2.15799
1.38852
0.776489
0.314259
0.456787
0.0624642
-0.0574878
0.164614
-0.125938
-0.286908
-0.757418
-1.57825
-2.46976
-2.9195
-3.11032
-3.20015
-3.70554
-4.47125
-4.41823
-4.36611
-4.41813
-4.34691
-4.46954
-4.81827
-5.11495
-5.32529
-5.44957
-5.69988
-5.85523
-5.52811
-5.14265
-4.70798
-4.35437
-3.9351
-3.61834
-3.38946
-2.97591
-2.32779
-2.1341
-1.92774
-1.72283
-1.50271
-1.26708
-1.11006
-1.05568
-1.1275
-1.32053
-1.51057
-1.86082
-2.08546
-2.20876
-2.22185
-2.1875
-2.23497
-2.34604
-2.59678
-2.41722
-2.34171
-2.08096
-1.89603
-1.38426
-0.776464
-0.308675
-0.0313931
0.00939542
-0.0338159
0.24992
0.733918
1.17664
1.38199
1.68501
1.83132
2.38224
2.7982
3.18818
3.20957
3.1468
3.01365
2.82264
2.69644
2.09133
1.47389
1.03074
0.77812
0.56736
0.1614
-0.338753
-0.771733
-0.714463
-0.578162
-0.643023
-0.727687
-1.09923
-1.2938
-1.34163
-1.37078
-1.32927
-1.28004
-1.16628
-1.14259
-1.05079
-1.03117
-1.09516
-0.934277
-0.600208
-0.311239
-0.209757
-0.297952
-0.304951
-0.64336
-0.532234
-0.255884
0.0471046
-0.0470784
-0.219594
-0.242963
-0.44196
-0.532186
-0.816476
-1.20884
-1.71724
-2.13155
-2.41273
-2.80464
-3.26781
-3.57565
-3.70065
-3.70356
-3.82355
-4.00469
-3.98506
-3.99047
-3.94506
-3.7395
-3.80633
-3.88986
-3.81108
-3.65204
-3.52162
-3.35302
-3.40805
-3.2352
-3.06832
-2.89449
-2.5993
-2.19135
-1.86012
-1.51213
-1.33336
-1.0199
-0.98952
-0.927833
-0.727292
-0.395121
-0.362192
-0.515794
-0.363622
-0.146465
0.28616
0.57847
0.663941
0.70632
1.10109
1.36161
1.72547
1.96443
2.17605
2.3669
2.50959
2.31246
2.25169
2.07958
2.09236
2.04548
2.01979
1.64407
1.57427
1.14283
0.933677
0.509628
-0.0538645
-0.674186
-1.17022
-1.81505
-2.36817
-2.98173
-3.29251
-3.54372
-3.71731
-3.85816
-3.65561
-3.39118
-3.39224
-3.24214
-2.66254
-2.09002
-1.71225
-1.61232
-1.37383
-1.33742
-1.17683
-1.42093
-1.13874
-1.02323
-0.780224
-0.209797
0.458789
0.301486
0.122538
0.398607
0.686463
0.891624
1.40147
1.76289
2.21717
2.65569
3.17988
3.51818
3.71334
3.78569
4.00019
4.15572
4.21211
3.8729
3.61789
3.22492
2.65492
2.60758
2.86939
3.12126
3.22871
2.92316
2.45255
1.6179
0.491567
-0.497013
-1.01897
-1.2687
-1.63175
-1.8098
-1.76171
-1.90207
-2.38801
-2.33486
-2.34565
-1.99411
-1.50368
-0.901129
-0.231143
-0.137738
-0.215275
-0.134266
-0.396971
-0.813719
-0.871541
-0.837478
-0.845629
-1.3356
-1.73066
-1.97822
-2.34673
-2.46041
-2.5038
-2.61048
-2.60206
-2.5034
-2.39475
-2.61233
-2.95918
-3.28729
-3.41606
-3.60874
-3.37692
-2.98496
-2.71741
-2.30591
-1.8748
-1.61639
-1.37929
-1.16947
-1.23945
-1.16575
-0.862426
-0.548171
-0.67713
-1.22132
-1.78986
-2.20117
-1.91536
-2.05201
-1.64348
-1.42896
-1.24278
-0.947143
-0.639874
-0.403528
-0.365768
0.00567885
0.52194
1.03709
1.4448
1.92096
1.71
1.26249
0.933227
0.500341
0.448648
0.0399376
0.044871
0.0146219
-0.214378
-0.38982
-0.827008
-1.55329
-2.28481
-2.22163
-2.30665
-2.5855
-2.43772
-2.19759
-1.60629
-1.19989
-1.13973
-0.92583
-0.388777
-0.286727
0.619762
1.35566
2.81536
4.14702
4.73601
4.70844
4.60077
4.56602
4.30227
4.23945
3.97523
3.08865
2.22328
1.32054
0.458547
-0.434826
-1.16287
-1.84789
-2.66576
-2.97158
-3.35386
-3.31812
-3.62967
-3.88841
-3.99285
-4.18224
-5.21946
-5.97103
-6.64404
-6.83426
-7.00158
-6.97708
-6.5609
-6.12796
-5.61236
-5.24388
-4.83294
-4.32171
-3.91592
-3.50072
-3.043
-2.61226
-2.26848
-2.08912
-1.88831
-2.01947
-2.03752
-2.03045
-1.97721
-2.10916
-1.94378
-1.87232
-1.62768
-1.68511
-1.92043
-2.05012
-2.07421
-2.08401
-2.21996
-2.34361
-2.47335
-2.13007
-2.00159
-2.15241
-2.24328
-2.51842
-2.61119
-2.63296
-2.65068
-2.71036
-2.73124
-2.66174
-2.59912
-2.44682
-2.41477
-2.26707
-2.22218
-2.07274
-2.04626
-1.94221
-1.87457
-1.71832
-1.45979
-1.33714
-1.35202
-1.42025
-1.53623
-1.69605
-1.85104
-1.82455
-1.94154
-2.17524
-2.25395
-2.2713
-2.45079
-2.55509
-2.76144
-2.66391
-2.40455
-2.06803
-1.79532
-1.47725
-1.52382
-1.63482
-1.68459
-1.87864
-1.92484
-2.36153
-2.57912
-2.74614
-2.58326
-2.44616
-2.4859
-2.2404
-2.32808
-2.27835
-2.66797
-2.82878
-2.55796
-2.26905
-1.76641
-1.61132
-0.641006
-0.608795
0.0544336
0.852552
1.01189
1.70277
2.32545
3.0945
3.34196
3.64017
3.24579
2.88491
2.99472
2.77497
2.91842
3.2241
3.53028
3.86601
3.88759
3.92534
3.84278
3.76919
3.43767
3.3198
3.14639
2.99877
2.74214
2.47671
1.85242
1.37106
1.28966
1.17809
0.938728
0.542469
0.436127
0.360688
0.266661
0.095787
-0.0352309
-0.166607
-0.36511
-0.42172
-0.335313
-0.461955
-0.565905
-0.763158
-0.955616
-1.10372
-1.25483
-1.30237
-1.46157
-1.62875
-1.74678
-1.80246
-1.9595
-2.1107
-2.2735
-2.31979
-2.2957
-2.22006
-2.16925
-2.1684
-2.22767
-2.22608
-2.23211
-2.22069
-2.09921
-2.06551
-2.08428
-2.07965
-1.95189
-1.74829
-1.5634
-1.47988
-1.31608
-1.25245
-1.16106
-1.044
-0.858878
-0.699295
-0.562494
-0.504329
-0.392546
-0.381905
-0.37131
-0.402841
-0.414235
-0.472127
-0.498444
-0.510428
-0.554994
-0.75862
-1.03836
-1.22745
-1.22872
-1.28811
-1.38072
-1.4354
-1.51355
-1.53648
-1.62249
-1.68673
-1.74741
-1.74228
-1.66475
-1.53563
-1.54141
-1.61823
-1.70679
-1.67041
-1.61946
-1.67387
-1.73711
-1.61436
-1.50391
-1.50115
-1.45189
-1.36888
-1.3744
-1.31835
-1.26037
-1.09346
-0.919482
-0.818304
-0.710918
-0.634435
-0.488692
-0.358955
-0.378884
-0.447357
-0.51313
-0.534189
-0.632215
-0.783228
-0.843561
-0.88816
-0.971857
-1.04978
-1.05422
-1.15634
-0.993178
-0.816712
-0.717855
-0.623054
-0.621562
-0.704378
-0.714979
-0.589034
-0.661593
-0.67232
-0.610286
-0.659243
-0.713681
-0.859902
-0.721563
-0.50903
-0.238175
-0.0999139
0.0558331
0.122615
0.119922
0.201954
0.268926
0.263953
0.172864
0.186018
0.154247
0.129732
0.106916
0.018338
-0.0653827
-0.11104
-0.193852
-0.279597
-0.243089
-0.230747
-0.249672
-0.260877
-0.373857
-0.413991
-0.457213
-0.559512
-0.54529
-0.501313
-0.459909
-0.442942
-0.407226
-0.495548
-0.579632
-0.596563
-0.59775
-0.569773
-0.589795
-0.656517
-0.785135
-0.945508
-1.12757
-1.40321
-1.55
-1.58053
-1.58561
-1.53258
-1.45833
-1.36803
-1.21442
-0.990611
-0.862768
-0.592578
-0.342277
-0.0962622
0.0864743
0.16607
0.470729
0.796081
1.08174
1.29099
1.57016
1.83311
1.94661
2.0577
1.86927
1.76954
1.65051
1.55977
1.5061
1.39605
1.20991
1.01286
0.822702
0.542151
0.28972
0.0892041
-0.0741161
-0.133926
-0.215168
-0.264781
-0.377828
-0.512032
-0.635349
-0.717711
-0.825758
-0.921062
-0.99305
-1.0268
-1.06424
-1.03961
-0.957148
-0.807909
-0.827775
-0.853312
-0.81797
-0.812327
-0.83918
-0.883734
-0.915944
-0.965251
-1.12887
-1.24002
-1.27299
-1.26835
-1.25485
-1.21518
-1.1959
-1.13842
-1.08229
-1.0129
-0.963405
-0.954162
-0.903329
-0.846507
-0.795791
-0.746386
-0.707636
-0.643277
-0.596533
-0.532244
-0.47062
-0.332044
-0.21998
-0.190088
-0.261147
-0.318014
-0.381444
-0.671747
-0.856809
-0.949855
-1.12302
-1.20805
-1.27862
-1.24593
-1.23775
-1.23783
-1.25028
-1.29205
-1.26047
-1.17685
-1.05621
-1.00927
-1.02395
-0.987321
-1.07922
-0.782477
-0.553504
-0.389728
-0.239321
-0.0791552
-0.166876
-0.162032
-0.0225389
0.181605
0.443898
0.616183
0.783383
1.0469
1.12878
1.16678
1.21936
1.21952
1.3362
1.50077
1.76731
1.7914
1.79259
1.77343
1.58713
1.41064
1.17075
1.05308
0.986056
1.10982
1.36072
1.45756
1.39899
1.38193
1.42138
1.66453
1.91908
2.16667
2.18619
2.13814
2.19543
2.53359
2.64466
2.53413
2.39205
2.37289
2.3809
2.25976
2.23684
2.11851
1.95601
1.73384
1.65426
1.54728
1.26332
1.13092
0.877766
0.726241
0.799496
0.738715
0.718318
0.734083
0.854538
0.887338
0.873323
0.773688
0.651423
0.478268
0.387926
0.310626
0.154261
0.0265926
-0.0902405
-0.17976
-0.288225
-0.242149
-0.141307
-0.176412
-0.14426
-0.226471
-0.198547
-0.155155
-0.0180341
0.118217
0.198969
0.236399
0.213055
0.124606
-0.00240162
-0.14144
-0.241905
-0.343177
-0.393796
-0.433258
-0.431269
-0.534372
-0.689995
-0.82198
-0.919774
-1.01134
-1.02689
-1.05602
-1.04491
-0.967068
-0.92634
-0.887058
-0.98997
-1.30951
-1.52491
-1.62231
-1.59434
-1.53005
-1.49476
-1.48536
-1.45902
-1.41022
-1.3982
-1.34227
-1.28962
-1.19142
-1.04505
-0.970798
-0.851843
-0.758831
-0.732992
-0.748512
-0.774948
-0.703097
-0.684041
-0.639145
-0.619476
-0.583707
-0.595734
-0.544404
-0.495575
-0.440687
-0.409
-0.289839
-0.174108
-0.0316601
0.0616858
0.180711
0.250073
0.317094
0.408813
0.499821
0.54111
0.533176
0.474036
0.358309
0.264938
0.19105
0.129284
0.0643169
0.0155166
-0.0517912
-0.0971014
-0.175472
-0.225104
-0.241237
-0.279548
-0.261642
-0.217277
-0.153279
-0.155736
-0.187756
-0.222967
-0.277693
-0.460493
-0.608179
-0.873396
-1.15243
-1.42429
-1.56852
-1.685
-1.77673
-1.79157
-1.75744
-1.54472
-1.24086
-0.972612
-0.768301
-0.620592
-0.468315
-0.358634
-0.225963
-0.187255
-0.184199
-0.0642592
0.00363391
-0.00410588
-0.0804835
-0.137162
-0.209495
-0.210656
-0.120061
-0.218828
-0.216769
-0.174259
-0.0458053
0.0666247
0.189085
0.296949
0.391605
0.503367
0.636496
