0
0
0
0
0
0
0
0
0
0
0
0
0
0
0
0
0
0
0
0
0
0
0
0
0
0
0
0
0
0
0
0
0
0
0
-2.97232
-3.38904
-3.7488
-4.05557
-4.29288
-4.49786
-4.68155
-4.82192
-4.9918
-5.1233
-5.2348
-5.20072
-5.05231
-4.88619
-4.63052
-4.26326
-3.82172
-3.29122
-2.76534
-2.26106
-1.73271
-1.16422
-0.469761
0.331958
1.11105
1.77757
2.35525
2.78627
3.13605
3.47959
3.79364
4.08044
4.29936
4.29949
4.20573
4.08779
3.99454
3.89417
3.75336
3.63618
3.51364
3.34016
3.14543
2.91143
2.68123
2.38831
1.84681
1.25708
0.640792
0.020649
-0.550711
-0.927033
-1.06934
-0.996254
-0.743436
-0.604347
-0.414518
-0.155114
0.0929458
0.331478
0.439154
0.464009
0.436044
0.351105
0.123423
-0.0942866
-0.402894
-0.756769
-1.04253
-1.29143
-1.39984
-1.37915
-1.2795
-1.21484
-1.2403
-1.2419
-1.06552
-0.72887
-0.341311
0.0886491
0.566473
1.06786
1.59958
2.06782
2.40403
2.65523
2.88847
3.06728
3.37302
3.57765
3.62208
3.57417
3.43726
3.25172
3.08034
2.88562
2.70993
2.62442
2.61243
2.76914
2.96893
3.11294
3.24402
3.45589
3.74371
4.0686
4.34748
4.56168
4.69112
4.66426
4.53339
4.2328
3.79803
3.30357
2.78756
2.30049
1.70068
1.06472
0.453994
-0.207868
-0.881321
-1.61241
-2.29762
-2.89535
-3.35368
-3.73685
-4.05522
-4.39182
-4.65283
-4.83574
-5.00097
-5.11096
-5.1639
-5.11979
-4.9946
-4.87818
-4.79265
-4.76153
-4.80021
-4.80525
-4.78385
-4.65905
-4.45199
-4.26152
-4.13414
-4.01292
-3.99022
-4.03975
-4.0043
-3.95571
-3.88986
-3.69296
-3.31736
-2.72114
-2.01479
-1.31649
-0.647198
0.0983998
0.7921
1.44198
2.05888
2.46807
2.65164
2.6668
2.59896
2.34198
1.95031
1.53564
1.31537
1.15095
1.02012
0.838449
0.713245
0.769502
0.898532
1.20526
1.58888
2.15737
2.68873
3.15347
3.53756
3.93852
4.18071
4.28162
4.43673
4.55131
4.6834
4.81735
4.90992
4.90511
4.78592
4.70919
4.59911
4.4188
4.23778
4.14436
4.07591
4.05105
4.10454
4.09999
4.06844
4.0501
4.07946
4.06021
3.97401
3.81425
3.53481
3.13233
2.59284
1.95453
1.19575
0.365775
-0.549459
-1.54441
-2.4636
-3.21188
-3.7042
-4.10519
-4.36197
-4.41306
-4.25129
-3.92085
-3.53884
-3.07206
-2.56611
-2.07216
-1.65198
-1.20911
-0.720753
-0.215802
0.36216
0.951944
1.43037
1.78094
2.09377
2.45295
2.7801
2.98483
3.10883
3.17617
3.21385
3.19017
3.13235
2.95313
2.45434
1.79215
1.07139
0.383708
-0.253868
-0.789818
-1.18602
-1.40249
-1.43656
-1.38131
-1.16767
-0.872521
-0.577585
-0.242824
0.0997891
0.477985
0.941621
1.47807
1.93763
2.33016
2.64943
2.88647
3.08228
3.14025
3.08808
2.9171
2.59024
2.17273
1.73034
1.4049
1.05412
0.747467
0.550798
0.337963
0.141458
-0.108457
-0.47379
-0.951082
-1.42256
-1.84593
-2.19527
-2.58509
-3.07385
-3.44599
-3.72815
-3.95422
-4.09937
-4.22151
-4.38654
-4.58045
-4.78055
-4.95631
-5.13458
-5.31328
-5.3842
-5.35332
-5.23294
-5.05446
-4.80934
-4.53513
-4.25943
-3.94321
-3.539
-3.1685
-2.83373
-2.52928
-2.24685
-1.97662
-1.73534
-1.53776
-1.40129
-1.34531
-1.3587
-1.45255
-1.58293
-1.71978
-1.8375
-1.92964
-2.01777
-2.11447
-2.24628
-2.30685
-2.33382
-2.28854
-2.20548
-2.0214
-1.73764
-1.40665
-1.07858
-0.80432
-0.588559
-0.356697
-0.0645805
0.262036
0.564889
0.862753
1.1192
1.43655
1.77695
2.13568
2.42848
2.64184
2.77105
2.82097
2.82769
2.69019
2.43833
2.1243
1.80646
1.49559
1.15542
0.77273
0.372768
0.070226
-0.138232
-0.304974
-0.442482
-0.625074
-0.808665
-0.961185
-1.07997
-1.15366
-1.19116
-1.19706
-1.19974
-1.17976
-1.15735
-1.14481
-1.09405
-0.977448
-0.818715
-0.66999
-0.571955
-0.497833
-0.514928
-0.505913
-0.437255
-0.312903
-0.238394
-0.225477
-0.227332
-0.275844
-0.332747
-0.441799
-0.608812
-0.859006
-1.15864
-1.46864
-1.80218
-2.16864
-2.53022
-2.8427
-3.09117
-3.30999
-3.51619
-3.66453
-3.77444
-3.84543
-3.84673
-3.85161
-3.86682
-3.85833
-3.81583
-3.74972
-3.6547
-3.59149
-3.50206
-3.39422
-3.27395
-3.10998
-2.88539
-2.6334
-2.35766
-2.10016
-1.82798
-1.6021
-1.41174
-1.21853
-0.993715
-0.81359
-0.71372
-0.607698
-0.482596
-0.289882
-0.0777581
0.110361
0.268867
0.4793
0.698025
0.953738
1.21555
1.46875
1.70885
1.92249
2.0422
2.12229
2.14679
2.15975
2.15335
2.13372
2.02808
1.92284
1.73739
1.53873
1.28954
0.965392
0.571226
0.144447
-0.34033
-0.851464
-1.3888
-1.88663
-2.3308
-2.72
-3.05271
-3.25994
-3.35155
-3.41315
-3.41328
-3.27021
-3.01272
-2.71461
-2.44769
-2.17654
-1.94807
-1.73419
-1.62414
-1.47284
-1.32954
-1.17439
-0.936237
-0.605001
-0.377661
-0.241621
-0.0718102
0.124672
0.333698
0.608365
0.906298
1.24058
1.59254
1.97548
2.3614
2.71818
3.01317
3.29029
3.54191
3.74357
3.8202
3.81343
3.70943
3.4859
3.28833
3.18423
3.15565
3.15171
3.07634
2.90925
2.59673
2.10049
1.49144
0.900974
0.373783
-0.135612
-0.589082
-0.943666
-1.25143
-1.5952
-1.83823
-2.00797
-2.04122
-1.94537
-1.72768
-1.39468
-1.10306
-0.888301
-0.694964
-0.587465
-0.59612
-0.61574
-0.632261
-0.659103
-0.804856
-1.02609
-1.2608
-1.52926
-1.77145
-1.96861
-2.14021
-2.27421
-2.36013
-2.40432
-2.47664
-2.6027
-2.77111
-2.92583
-3.09004
-3.16842
-3.14074
-3.05885
-2.90351
-2.68526
-2.44752
-2.19587
-1.93964
-1.74724
-1.57216
-1.36972
-1.14679
-1.00377
-1.02119
-1.17288
-1.3926
-1.51005
-1.63968
-1.65016
-1.61225
-1.54751
-1.43703
-1.2767
-1.08239
-0.904808
-0.669618
-0.37267
-0.0164007
0.350137
0.744894
1.00895
1.11282
1.11475
1.01361
0.920212
0.744982
0.593482
0.453111
0.279697
0.090201
-0.154276
-0.501821
-0.935839
-1.25848
-1.5344
-1.80779
-1.9935
-2.08754
-2.02478
-1.87929
-1.7389
-1.56119
-1.28109
-1.03567
-0.634179
-0.141394
0.576337
1.44311
2.25427
2.88725
3.36806
3.73978
3.96513
4.12889
4.17888
4.00253
3.63243
3.10205
2.47045
1.76565
1.04129
0.309145
-0.453473
-1.13058
-1.75156
-2.219
-2.64195
-3.01656
-3.31891
-3.58173
-4.00687
-4.4989
-5.02363
-5.47869
-5.87102
-6.18026
-6.32691
-6.341
-6.23423
-6.0617
-5.80665
-5.46999
-5.09354
-4.69478
-4.26919
-3.83279
-3.41666
-3.05399
-2.73126
-2.51133
-2.34931
-2.23042
-2.13313
-2.09486
-2.0382
-1.98722
-1.8999
-1.84722
-1.86264
-1.90087
-1.93642
-1.96723
-2.02361
-2.09325
-2.18201
-2.17782
-2.15157
-2.16298
-2.18681
-2.2644
-2.34668
-2.41714
-2.47421
-2.53027
-2.57666
-2.60647
-2.61938
-2.59195
-2.56064
-2.49588
-2.43178
-2.34649
-2.27191
-2.18749
-2.10429
-2.0044
-1.86807
-1.73519
-1.63299
-1.57007
-1.5468
-1.56758
-1.61958
-1.65774
-1.71611
-1.81893
-1.92504
-2.01677
-2.13001
-2.24233
-2.37562
-2.45657
-2.45948
-2.38705
-2.26519
-2.09081
-1.95984
-1.87953
-1.82211
-1.81714
-1.81855
-1.91987
-2.05592
-2.21028
-2.30383
-2.35561
-2.40481
-2.3865
-2.3903
-2.37752
-2.45349
-2.53979
-2.54292
-2.47666
-2.31496
-2.15415
-1.80714
-1.52821
-1.15437
-0.677659
-0.251218
0.2486
0.781455
1.3731
1.88977
2.36619
2.63562
2.76953
2.88531
2.90949
2.95714
3.04713
3.17275
3.32996
3.45461
3.55562
3.62741
3.67704
3.63983
3.58893
3.50591
3.39906
3.24871
3.06089
2.77023
2.42895
2.13967
1.88501
1.63564
1.35019
1.10217
0.890407
0.706103
0.526759
0.368948
0.224844
0.0670423
-0.0691984
-0.153072
-0.239013
-0.328499
-0.442468
-0.574503
-0.709204
-0.84767
-0.965935
-1.09144
-1.22794
-1.36567
-1.48528
-1.61365
-1.74548
-1.88279
-1.99944
-2.08374
-2.13308
-2.15734
-2.17253
-2.19513
-2.21151
-2.22219
-2.22454
-2.19528
-2.16321
-2.14233
-2.12642
-2.08629
-2.00858
-1.90356
-1.80087
-1.68188
-1.5727
-1.4678
-1.35846
-1.22907
-1.0899
-0.950995
-0.831734
-0.715728
-0.622548
-0.549571
-0.499785
-0.464708
-0.452434
-0.452965
-0.459914
-0.478749
-0.540841
-0.655883
-0.790539
-0.898802
-0.997962
-1.09777
-1.18847
-1.2779
-1.3543
-1.43362
-1.50657
-1.5718
-1.61828
-1.63807
-1.62353
-1.61097
-1.61682
-1.63947
-1.64888
-1.64292
-1.6488
-1.66622
-1.65277
-1.61913
-1.5947
-1.56398
-1.51897
-1.48206
-1.44085
-1.39611
-1.32162
-1.22152
-1.12173
-1.02049
-0.922424
-0.812505
-0.697498
-0.609825
-0.556377
-0.52975
-0.517183
-0.533278
-0.582424
-0.637843
-0.694011
-0.761204
-0.83554
-0.895522
-0.964742
-0.981978
-0.955722
-0.910209
-0.848924
-0.798111
-0.774943
-0.75677
-0.712138
-0.692584
-0.676886
-0.654355
-0.651544
-0.663871
-0.708775
-0.713739
-0.668097
-0.570642
-0.464729
-0.343357
-0.231038
-0.143278
-0.0535133
0.0346141
0.10752
0.142107
0.167611
0.174379
0.170974
0.159391
0.128672
0.085403
0.0385843
-0.0190364
-0.0842253
-0.126005
-0.15698
-0.185236
-0.209761
-0.254147
-0.296517
-0.338083
-0.393158
-0.432039
-0.451228
-0.45818
-0.460238
-0.453426
-0.467496
-0.494874
-0.519604
-0.538614
-0.545093
-0.555104
-0.57912
-0.628148
-0.703711
-0.805812
-0.947127
-1.09105
-1.21262
-1.31098
-1.37846
-1.41533
-1.42299
-1.3916
-1.31249
-1.21618
-1.07195
-0.896963
-0.701114
-0.503369
-0.328615
-0.122337
0.113411
0.362318
0.602943
0.854918
1.10891
1.33152
1.52858
1.63961
1.70417
1.72182
1.70779
1.67766
1.62386
1.5324
1.40876
1.26451
1.08358
0.886805
0.686859
0.493173
0.327006
0.177161
0.0488161
-0.0747104
-0.198861
-0.321236
-0.430841
-0.536661
-0.637846
-0.730995
-0.811636
-0.882583
-0.93263
-0.951471
-0.929876
-0.914086
-0.905193
-0.887561
-0.869898
-0.860053
-0.861347
-0.868699
-0.88622
-0.938882
-1.00951
-1.07291
-1.12199
-1.15907
-1.17998
-1.19175
-1.18721
-1.17023
-1.13991
-1.10063
-1.06446
-1.02334
-0.977823
-0.930373
-0.882297
-0.835618
-0.785238
-0.73581
-0.683533
-0.629095
-0.554718
-0.47133
-0.39929
-0.358799
-0.340336
-0.34071
-0.407602
-0.503705
-0.602982
-0.722686
-0.840834
-0.95386
-1.03767
-1.10119
-1.15064
-1.19147
-1.22651
-1.24301
-1.23524
-1.19783
-1.15533
-1.12293
-1.08959
-1.0837
-1.0125
-0.903938
-0.779388
-0.646808
-0.506869
-0.417475
-0.346003
-0.257218
-0.141332
0.0123576
0.166772
0.322257
0.501748
0.660069
0.791386
0.910332
1.00541
1.10425
1.21529
1.35754
1.47258
1.56086
1.62086
1.62514
1.58811
1.50346
1.40938
1.31629
1.26559
1.27484
1.30335
1.31301
1.31737
1.33419
1.40636
1.52691
1.68165
1.81143
1.90152
1.98038
2.11691
2.25243
2.33649
2.37095
2.38838
2.398
2.37259
2.34666
2.30055
2.22588
2.10824
1.99361
1.88061
1.72999
1.5803
1.40363
1.23126
1.11033
1.00281
0.916134
0.855672
0.836205
0.830555
0.829726
0.809924
0.772779
0.707911
0.634012
0.559036
0.464511
0.359906
0.247147
0.136094
0.0232852
-0.0542408
-0.0907255
-0.123613
-0.140546
-0.170652
-0.184719
-0.183179
-0.148413
-0.087918
-0.0188196
0.043737
0.0861259
0.101064
0.0837836
0.0407846
-0.0167964
-0.086596
-0.157076
-0.22558
-0.28188
-0.350922
-0.440462
-0.539538
-0.637656
-0.733322
-0.810921
-0.877091
-0.926319
-0.947311
-0.955028
-0.949919
-0.965146
-1.04575
-1.15614
-1.26407
-1.34378
-1.39244
-1.42372
-1.44852
-1.46344
-1.46538
-1.46176
-1.43865
-1.40319
-1.35047
-1.27617
-1.20164
-1.11621
-1.02726
-0.950938
-0.894533
-0.855622
-0.80974
-0.770031
-0.730567
-0.69811
-0.665917
-0.645719
-0.620297
-0.589641
-0.552444
-0.514952
-0.459987
-0.390543
-0.304152
-0.214597
-0.117145
-0.0233528
0.0654625
0.15589
0.247303
0.328922
0.389573
0.422059
0.418691
0.39283
0.352723
0.305129
0.250885
0.19435
0.131851
0.0707062
0.00442191
-0.0583032
-0.109314
-0.15646
-0.188387
-0.202503
-0.197893
-0.193582
-0.195688
-0.204172
-0.221335
-0.27483
-0.350327
-0.469228
-0.6273
-0.815736
-1.00034
-1.17406
-1.33282
-1.46231
-1.55694
-1.58058
-1.52785
-1.41919
-1.27977
-1.1286
-0.970075
-0.815877
-0.660586
-0.527323
-0.420849
-0.313914
-0.220465
-0.153892
-0.122663
-0.113933
-0.126818
-0.140026
-0.133485
-0.151313
-0.165188
-0.169649
-0.146069
-0.101829
-0.0371607
0.040105
0.124866
0.217744
0.319696
